GLon,GLat,SpType,KMag,Lum
44.93817693,12.98733743,K,-0.6808563273073253,0.22362696511302643
315.72697384,-25.24642597,A,0.9189775051124738,13.275911018388857
1.42212535,-9.07923609,G,1.76,2.53
21.32857843,1.20212094,O,-1.0,80976.42962657007
9.51841089,-4.99796472,G,1.5541858141858127,1.4605227901814972
1.95914903,-8.82070078,K,-0.6808563273073253,0.22362696511302643
350.33776551,-14.23544015,F,1.58,8.19
59.79421131,18.99460709,K,-0.6808563273073253,37.84
63.21135297,20.17273331,G,0.23,12.96
42.73421081,11.94916989,A,0.9189775051124738,13.275911018388857
31.21116596,6.32043855,G,1.5541858141858127,1.4605227901814972
100.86632328,27.57420462,A,1.73,14.41
93.20334005,26.90489244,F,2.81,1.98
36.38986567,8.90672321,F,1.12,11.33
31.81262093,6.61729602,M,-1.2799270072992703,0.021972455607761267
358.35695855,-10.5929667,K,-0.6808563273073253,0.22362696511302643
347.97270567,-15.26878878,G,1.5541858141858127,1.4605227901814972
95.15302126,27.10870556,F,1.77,5.3
102.34197918,27.64678242,F,0.68,17.33
359.7546607,-9.93655035,B,-0.69,278.48
43.60206444,12.31526301,B,1.06,43.53
49.82745841,15.05542899,A,0.63,29.36
347.62297882,-15.42802496,F,1.8,6.93
343.39781408,-17.13765399,B,-0.1975961538461539,24693.029699168907
341.76889569,-17.76640161,G,1.5541858141858127,1.4605227901814972
57.75729084,18.20397022,A,0.11,64.41
61.03548773,19.38668446,F,0.19,27.67
95.41922758,27.12576183,K,-2.84,159.7
44.34717346,12.62985271,F,2.5,3.4
328.12510357,-22.31257283,G,1.5541858141858127,1.4605227901814972
30.72663063,6.00218576,A,0.56,25.77
5.33514241,-7.22352683,G,1.5541858141858127,1.4605227901814972
354.15457778,-12.60927736,G,1.5541858141858127,1.4605227901814972
22.79200779,1.85967144,A,1.6,10.44
70.74567316,22.4162779,K,-0.6808563273073253,0.22362696511302643
54.86551765,17.05835419,K,-0.6808563273073253,0.22362696511302643
111.2629146,27.78606838,A,0.21,33.5
80.82234868,24.86937733,A,0.9189775051124738,13.275911018388857
37.94963945,9.57674184,G,3.78,0.6
0.47588117,-9.66020043,G,0.5,7.59
47.27654713,13.87525618,B,-0.1975961538461539,24693.029699168907
348.62652948,-15.06789031,K,-0.6808563273073253,0.22362696511302643
314.04520124,-25.58859048,M,-1.2799270072992703,0.021972455607761267
37.68753235,9.40654496,K,-0.6808563273073253,0.22362696511302643
54.2848129,16.78704564,B,-0.46,379.97
56.18769531,17.52583682,B,-0.1975961538461539,24693.029699168907
48.7996465,14.51473111,K,-1.67,51.62
47.57959209,13.98185375,K,-0.6808563273073253,0.22362696511302643
37.82437454,9.46143781,G,3.67,0.63
9.05063787,-5.40393679,F,3.08,1.45
36.22827877,8.67872661,A,0.9189775051124738,13.275911018388857
75.03001814,23.50876256,F,1.7449286314021815,2.6843617841590257
16.20567178,-1.68399385,B,-0.1975961538461539,24693.029699168907
75.03664014,23.50582497,F,1.92,5.88
353.23732725,-13.08572419,G,1.5541858141858127,1.4605227901814972
71.51140086,22.5737191,F,1.7449286314021815,2.6843617841590257
14.03452982,-2.83544132,K,-0.6808563273073253,0.22362696511302643
325.17091479,-23.15647967,G,-1.25,48.38
22.80285902,1.76752361,A,0.9189775051124738,13.275911018388857
111.02975317,27.77445331,K,4.42,0.18
54.52432668,16.84307502,B,0.28,164.9
322.77952255,-23.75987097,A,0.9189775051124738,13.275911018388857
23.74330308,2.25492072,K,-0.5,13.6
322.77858135,-23.76303,G,1.5541858141858127,1.4605227901814972
38.82711559,9.89861278,A,0.9189775051124738,13.275911018388857
21.91306687,1.27590238,B,-0.1975961538461539,24693.029699168907
354.20428524,-12.6821281,G,1.5541858141858127,1.4605227901814972
65.52864122,20.76227034,M,-1.2799270072992703,0.021972455607761267
52.52183057,16.01660876,K,-0.6808563273073253,0.22362696511302643
0.88354929,-9.546737,K,0.35,8.76
333.25764731,-20.83134073,F,0.69,20.73
29.92571566,5.4401093,F,1.7449286314021815,2.6843617841590257
103.10283041,27.62888376,K,-0.6808563273073253,0.22362696511302643
25.10954419,2.93597201,F,1.33,9.46
1.80342607,-9.10927976,F,1.7449286314021815,2.6843617841590257
35.97178052,8.4796796,A,0.9189775051124738,13.275911018388857
74.28584673,23.2751742,G,2.42,2.5
88.93646718,26.24354982,K,-1.99,93.78
63.64620696,20.13108133,K,-0.6808563273073253,0.22362696511302643
7.08178709,-6.48383812,G,1.5541858141858127,1.4605227901814972
3.0535967,-8.5068499,G,2.09,3.81
54.53035104,16.79821152,B,-0.1975961538461539,399.28
64.10220201,20.27440774,K,-0.6808563273073253,0.22362696511302643
9.30400969,-5.35733906,B,-0.1975961538461539,24693.029699168907
67.13161501,21.23793968,K,-0.6808563273073253,0.22362696511302643
20.02320515,0.23879031,B,-0.1975961538461539,24693.029699168907
317.35586581,-24.98248121,F,1.62,7.31
37.40278954,9.14143947,G,1.34,6.04
81.73076402,24.9556445,A,0.9189775051124738,13.275911018388857
358.60783055,-10.69049253,F,1.9,4.51
333.64838893,-20.73459245,K,-0.6808563273073253,0.22362696511302643
341.26550711,-18.09532756,F,1.7449286314021815,2.6843617841590257
51.71909541,15.62132661,M,-1.2799270072992703,0.021972455607761267
58.94770079,18.44167115,K,-1.8,68.37
65.40088181,20.65968744,A,0.9189775051124738,13.275911018388857
346.95832961,-15.8751497,G,2.79,1.19
343.2990468,-17.33206236,K,-0.6808563273073253,0.22362696511302643
346.61039033,-16.02110095,K,-2.27,165.13
68.73515169,21.68170798,K,4.29,0.29
351.76723515,-13.84327486,G,1.5541858141858127,1.4605227901814972
43.87940824,12.17419007,K,-0.6808563273073253,0.22362696511302643
14.87691734,-2.52674862,A,1.25,16.34
64.02948749,20.19671981,G,1.5541858141858127,1.4605227901814972
46.28335627,13.2556651,K,0.02,10.11
314.76691761,-25.48945572,K,-2.27,98.72
348.66536592,-15.18438144,B,-0.54,830.32
83.68398153,25.31002531,K,-1.11,38.77
48.59587894,14.25892142,A,0.9189775051124738,13.275911018388857
75.65616946,23.55310162,G,1.5541858141858127,1.4605227901814972
63.99015007,20.16554499,A,2.13,11.49
38.43667532,9.57700226,G,0.71,7.51
37.09517484,8.92248621,B,-0.1975961538461539,24693.029699168907
325.32065421,-23.17238273,A,1.76,19.21
350.98424927,-14.21284778,F,1.7449286314021815,2.6843617841590257
3.89351128,-8.19005237,B,1.33,19.28
14.78219948,-2.61959341,K,-0.6808563273073253,0.22362696511302643
344.32073122,-16.97123341,F,1.7449286314021815,2.6843617841590257
64.64905615,20.36020949,A,0.9189775051124738,13.275911018388857
354.97714049,-12.45186127,G,1.5541858141858127,1.4605227901814972
22.26649691,1.29808316,K,-0.6808563273073253,0.22362696511302643
23.0090526,1.68731314,K,-0.99,30.0
28.84514149,4.72459674,F,1.6,5.79
40.27605061,10.42452525,A,0.9189775051124738,13.275911018388857
35.00123569,7.83843007,A,0.9189775051124738,13.275911018388857
30.33683729,5.47868278,A,-2.38,144.91
342.9939642,-17.50525741,G,2.42,2.37
36.01997878,8.33347553,B,-0.1975961538461539,24693.029699168907
67.35432443,21.19441537,F,1.89,5.46
56.9883431,17.60688071,B,-0.1975961538461539,24693.029699168907
339.0039221,-18.99146637,G,1.97,4.34
55.32001564,16.95837928,G,1.5541858141858127,1.4605227901814972
341.2909537,-18.16390034,K,-0.72,26.41
108.44454499,27.73120739,A,1.72,11.47
3.36349971,-8.51879606,G,3.16,1.16
10.18518379,-5.08208644,K,4.62,0.13
357.99374653,-11.11137262,B,-0.1975961538461539,24693.029699168907
50.99854385,15.1738121,A,2.43,4.13
78.26679018,24.1010181,A,0.9189775051124738,8.67
4.61025854,-7.92533023,F,1.7449286314021815,2.6843617841590257
79.71160581,24.42355856,K,-2.15,91.19
80.29854098,24.55043198,K,-0.6808563273073253,0.22362696511302643
47.55122287,13.67632204,A,0.9189775051124738,13.275911018388857
16.55911132,-1.80502255,F,2.48,3.07
97.95984628,27.20923473,K,-0.6808563273073253,0.22362696511302643
111.44983078,27.72142027,G,2.16,3.58
96.79595673,27.0995094,K,-0.6808563273073253,0.22362696511302643
87.61370057,25.91746763,M,-1.2799270072992703,0.021972455607761267
44.21612489,12.15662437,A,0.9189775051124738,13.275911018388857
1.3262659,-9.56948032,G,1.5541858141858127,1.4605227901814972
343.81759769,-17.25283163,K,4.62,0.13
32.34033698,6.38559278,G,3.22,1.15
348.93963852,-15.19230135,K,-0.6808563273073253,0.22362696511302643
330.2287768,-21.87986878,K,-0.6808563273073253,0.22362696511302643
340.91661518,-18.35332279,K,-0.6808563273073253,0.22362696511302643
319.11837687,-24.67427794,G,1.5541858141858127,1.4605227901814972
36.07791014,8.249119,A,0.9189775051124738,13.275911018388857
82.69777838,25.01701518,G,-1.55,66.74
77.73608399,23.94120376,M,-1.2799270072992703,0.021972455607761267
337.25863281,-19.65637358,K,-0.6808563273073253,0.22362696511302643
88.78912761,26.08588895,K,-1.33,47.07
344.85377942,-16.8711535,F,1.8,5.39
6.5465103,-7.02296856,A,1.25,14.84
47.82399531,13.7334729,F,1.7449286314021815,2.6843617841590257
53.8027602,16.24826699,B,-0.1975961538461539,24693.029699168907
326.17638495,-23.0144699,G,1.5541858141858127,1.4605227901814972
50.75678461,14.98871243,K,-0.6808563273073253,0.22362696511302643
52.94477642,15.89611501,B,0.04,99.8
15.65615006,-2.35293082,A,1.06,17.6
3.68672248,-8.47114208,F,1.87,5.18
30.41181869,5.34207777,A,1.3,19.15
33.59088609,6.95541579,K,-5.32,0.22362696511302643
74.32945636,23.06893948,K,-0.6808563273073253,0.22362696511302643
73.39343633,22.82010269,A,0.9189775051124738,13.275911018388857
31.4876813,5.87848079,K,3.88,0.22362696511302643
29.26716843,4.7311415,A,2.75,4.0
42.31457626,11.18137756,F,1.7449286314021815,2.6843617841590257
0.50896767,-10.04264516,M,-1.2799270072992703,0.021972455607761267
14.45375498,-3.01920153,B,-0.25,112.15
84.69371395,25.35619789,F,1.7449286314021815,2.6843617841590257
7.660742,-6.52165704,K,-1.57,53.03
35.8093871,8.02503897,B,-0.93,269.74
86.44486632,25.66392481,A,0.5,64.29
79.58686757,24.30655401,K,-1.35,46.35
35.42600615,7.8142024,K,-0.6808563273073253,0.22362696511302643
331.63247811,-21.51209692,G,1.5541858141858127,1.4605227901814972
104.64826321,27.58914029,A,1.36,28.28
87.01815884,25.75166811,G,1.5541858141858127,1.4605227901814972
5.00474756,-7.8801464,F,2.58,2.88
8.44149515,-6.15290344,B,-0.1975961538461539,24693.029699168907
342.20232251,-17.94973348,K,-0.6808563273073253,0.22362696511302643
355.89490448,-12.24016911,B,-0.1975961538461539,24693.029699168907
11.79443636,-4.44206119,B,-0.1975961538461539,24693.029699168907
309.16917637,-26.42021963,B,-0.17,127.55
6.47445259,-7.15269542,A,1.29,16.48
356.80281425,-11.825061,F,1.7449286314021815,2.6843617841590257
24.79449832,2.35226549,F,1.54,6.45
9.84368253,-5.44842385,G,-1.67,59.33
325.41807347,-23.24485897,K,-0.6808563273073253,0.22362696511302643
11.80668655,-4.44555329,B,-0.1975961538461539,24693.029699168907
11.4204603,-4.65200745,M,-1.2799270072992703,0.021972455607761267
72.11997789,22.4126486,A,-0.46,84.86
342.45167341,-17.87274823,A,0.76,33.05
72.33651927,22.45830807,B,-0.1975961538461539,24693.029699168907
345.35272972,-16.77010768,K,-0.6808563273073253,0.22362696511302643
353.91229736,-13.17237576,G,1.5541858141858127,1.4605227901814972
9.35263224,-5.74236601,G,2.1,3.05
72.47024882,22.48397565,K,-1.3,42.48
68.09112643,21.20814471,K,-0.6808563273073253,0.22362696511302643
358.69852908,-10.98999953,A,0.9189775051124738,13.275911018388857
84.58111476,25.28398331,F,2.3,4.53
33.84248686,6.94317344,B,-0.1975961538461539,24693.029699168907
21.777718,0.70973679,B,-0.1975961538461539,24693.029699168907
319.85302999,-24.56514799,K,1.84,2.53
58.14928174,17.79675533,A,0.9189775051124738,13.275911018388857
36.43208832,8.22571125,F,2.44,3.2
61.16797423,18.89868321,K,-0.6808563273073253,0.22362696511302643
36.05315488,8.03374463,A,0.9189775051124738,13.275911018388857
99.46258205,27.25438321,G,1.75,4.59
33.68286513,6.84446703,A,0.75,20.02
57.13512883,17.40128025,A,0.9189775051124738,13.275911018388857
354.15122961,-13.09383459,K,-0.6808563273073253,0.22362696511302643
26.8498214,3.33829834,K,3.58,0.66
72.97780071,22.60124982,F,1.42,9.06
355.33166523,-12.57251049,A,-0.13,74.26
89.78241688,26.13920016,G,2.16,2.85
357.89710361,-11.40951652,G,1.5541858141858127,1.4605227901814972
81.1135873,24.55906882,M,-1.2799270072992703,0.021972455607761267
353.47643186,-13.42098582,B,-0.1975961538461539,24693.029699168907
348.03322697,-15.74307723,G,0.75,12.54
34.66182611,7.29186497,B,0.73,45.02
31.0306766,5.44972147,G,2.81,1.57
316.84789154,-25.18623917,K,-2.06,83.13
66.86119386,20.76937333,K,-0.6808563273073253,0.22362696511302643
74.74146683,23.0409353,F,0.09,39.86
18.78691038,-0.93540513,B,-2.41,200.64
322.82728808,-23.92190831,K,-0.6808563273073253,0.22362696511302643
45.05867359,12.25203277,F,1.7449286314021815,2.6843617841590257
341.15520502,-18.43045508,K,-0.6808563273073253,0.22362696511302643
65.33876269,20.25332862,A,1.34,19.22
80.58395307,24.41592947,A,1.92,7.27
352.85230702,-13.73549967,K,-0.6808563273073253,0.22362696511302643
45.57274144,12.46554747,G,2.47,2.15
17.74685243,-1.51898397,F,1.7449286314021815,2.6843617841590257
71.8349611,22.22300409,A,1.95,8.63
356.25681894,-12.22178353,K,-0.6808563273073253,0.22362696511302643
350.58043321,-14.72389501,G,3.39,1.0
357.21345687,-11.78539817,K,-0.6808563273073253,0.22362696511302643
21.26198013,0.31159659,G,2.98,1.57
340.33311118,-18.74964183,F,1.7449286314021815,2.6843617841590257
334.41453975,-20.74870965,K,-0.6808563273073253,0.22362696511302643
345.82234169,-16.68289627,K,-1.12,41.32
63.88971399,19.73890504,K,-0.6808563273073253,0.22362696511302643
337.90375008,-19.60768874,F,1.31,10.14
43.93448651,11.67878484,K,-2.85,131.74
18.85167105,-0.97865149,G,1.5541858141858127,1.4605227901814972
1.03464523,-10.01690099,G,2.41,2.76
8.10078397,-6.54648628,G,1.5541858141858127,3.71
6.70793635,-7.24873574,A,1.76,9.3
6.7185996,-7.24385723,A,0.76,31.43
26.56785686,3.03666745,K,4.22,0.24
351.50755179,-14.37033987,K,-0.6808563273073253,0.22362696511302643
82.79463655,24.83736959,F,1.7449286314021815,2.6843617841590257
62.3153876,19.16214542,K,-0.6808563273073253,0.22362696511302643
329.7387582,-22.17499673,F,1.77,5.06
315.50617501,-25.4576494,K,-1.37,39.57
40.88275462,10.20432488,G,0.35,16.83
347.65376966,-15.99227802,G,1.5541858141858127,1.4605227901814972
72.18302036,22.26347096,G,3.25,1.24
39.0918807,9.33480696,A,0.9189775051124738,13.275911018388857
3.72113619,-8.75909408,G,2.17,2.38
26.42017208,2.921906,G,4.01,0.55
357.2298946,-11.85271047,G,3.0,1.41
315.79692529,-25.41206496,G,2.56,2.13
44.53824583,11.87631075,A,0.9189775051124738,13.275911018388857
40.94031793,10.19079187,G,2.73,1.83
57.75812982,17.45397542,K,-1.12,40.57
17.46304589,-1.78888932,A,-0.59,113.49
4.3259576,-8.49041349,F,2.37,3.27
350.84262799,-14.69819952,G,-1.26,55.12
340.11532688,-18.88869273,K,4.3,0.28
40.21190035,9.82861014,A,1.71,13.78
22.78780996,0.9872824,O,-1.0,80976.42962657007
27.92241957,3.66149635,G,1.5541858141858127,1.4605227901814972
27.92705425,3.66068181,F,1.7449286314021815,2.6843617841590257
352.62895834,-13.94030153,K,-0.6808563273073253,0.22362696511302643
355.53515699,-12.65807007,B,-1.44,380.97
2.24981343,-9.53076651,F,1.7449286314021815,2.6843617841590257
313.7398423,-25.774751,K,-2.24,85.64
48.43501198,13.58519342,K,-0.6808563273073253,0.22362696511302643
343.67959161,-17.60135902,G,1.5541858141858127,1.4605227901814972
46.76084223,12.84127324,B,-0.27,181.13
7.95227823,-6.72815297,B,-0.1975961538461539,24693.029699168907
5.50841444,-7.94983277,K,4.15,0.24
74.32135627,22.78873034,K,-1.14,33.76
18.34321481,-1.38370625,B,-0.1975961538461539,24693.029699168907
352.99624497,-13.81062213,F,1.7449286314021815,2.6843617841590257
107.42145811,27.59374486,K,-2.06,76.59
25.01201977,2.09673582,B,-0.1975961538461539,24693.029699168907
42.95018949,11.06606952,F,2.45,3.51
347.77349451,-16.01713535,K,-0.6808563273073253,0.22362696511302643
37.02860089,8.2168551,G,2.45,2.65
71.03390378,21.85930047,K,-0.6808563273073253,0.22362696511302643
325.92350504,-23.24428831,A,0.9189775051124738,13.275911018388857
41.66715804,10.44672182,A,0.9189775051124738,13.275911018388857
41.17767623,10.21008066,F,1.29,11.21
38.5787393,8.9576003,K,4.12,0.31
58.20206986,17.54083129,F,1.7449286314021815,2.6843617841590257
344.11525284,-17.46973774,G,1.5541858141858127,1.4605227901814972
327.28776748,-22.89811474,F,1.7449286314021815,2.6843617841590257
41.89019342,10.53865976,G,1.5541858141858127,1.4605227901814972
10.73256971,-5.37099025,K,-0.6808563273073253,0.22362696511302643
58.19438523,17.52889823,F,1.7449286314021815,1.92
22.1829911,0.57451817,A,0.9189775051124738,13.275911018388857
350.28976879,-15.00474635,F,2.06,3.87
54.41320231,16.04477455,A,1.18,14.38
60.89683948,18.52775899,B,-0.1975961538461539,24693.029699168907
52.32221656,15.18543504,B,-1.8,927.97
46.8144499,12.79761119,A,0.84,36.08
0.10785674,-10.62586682,B,0.38,81.66
348.13886324,-15.90269171,F,1.7449286314021815,2.6843617841590257
345.14959912,-17.09565409,G,1.5541858141858127,1.4605227901814972
28.67675055,3.9283302,K,-1.29,40.87
330.37636502,-22.06993683,K,0.63,8.08
323.14571146,-23.93547301,F,2.39,2.92
94.95640251,26.68209517,A,1.44,13.08
359.81128929,-10.79250202,M,-1.2799270072992703,0.021972455607761267
108.91242495,27.60611709,K,-2.69,128.07
3.8651334,-8.84990719,G,1.5541858141858127,1.4605227901814972
60.05064678,18.18227962,A,0.9189775051124738,13.275911018388857
46.44546233,12.58993371,A,0.9189775051124738,13.275911018388857
17.51384493,-1.92112588,A,0.84,42.21
23.98697346,1.44390354,K,-0.6808563273073253,0.22362696511302643
351.77427672,-14.42866429,F,2.6,3.39
50.5890281,14.38751336,A,2.14,6.46
7.31238044,-7.17527062,G,1.94,3.82
28.84771236,3.96340043,K,4.14,0.28
38.74230234,8.94084259,F,2.4,3.34
321.34266478,-24.35480672,G,1.5541858141858127,1.4605227901814972
55.01883961,16.21331671,G,0.73,7.08
26.92492102,2.95554899,F,1.97,4.48
19.47371142,-0.93623645,B,-0.1975961538461539,24693.029699168907
347.67653211,-16.14337692,K,-3.7,327.44
323.60944693,-23.84603031,F,2.82,2.04
337.57404738,-19.87198607,K,-1.41,57.25
39.91739573,9.49056029,F,2.32,4.61
54.17036044,15.85368396,G,-1.34,43.78
50.14049901,14.16401821,A,0.9189775051124738,13.275911018388857
354.95933088,-13.06546621,K,-0.6808563273073253,0.22362696511302643
44.93354511,11.8427516,K,-0.6808563273073253,0.22362696511302643
0.49602319,-10.52829942,G,1.5541858141858127,1.4605227901814972
0.54688348,-10.51139236,B,-0.1975961538461539,24693.029699168907
325.92709859,-23.29315993,G,1.5541858141858127,1.4605227901814972
47.39728074,12.93832578,G,1.5541858141858127,1.4605227901814972
350.91851635,-14.83504028,F,1.34,8.7
325.97051505,-23.28657403,K,-0.6808563273073253,0.22362696511302643
34.1305692,6.59884427,B,-2.0,435.57
333.28468434,-21.26003857,G,1.5541858141858127,1.4605227901814972
16.12458713,-2.7396897,A,0.97,17.05
28.19024544,3.54878743,A,0.9189775051124738,13.275911018388857
71.63076037,21.90298119,K,-0.6808563273073253,0.22362696511302643
77.10617067,23.36582142,K,-0.6808563273073253,0.22362696511302643
85.16316184,25.12648609,F,1.53,7.58
317.61088999,-25.13385002,F,1.79,5.02
13.8759145,-3.92240831,K,-1.54,57.96
65.41158171,19.96173035,K,-2.08,84.49
38.4652867,8.71739387,A,0.9189775051124738,13.275911018388857
345.5078262,-17.05400568,F,1.7449286314021815,2.6843617841590257
25.41833163,2.08133163,G,-1.71,69.61
61.58085725,18.62781943,G,1.07,8.22
45.78375982,12.1616369,A,0.9189775051124738,13.275911018388857
40.6024973,9.73328339,A,0.9189775051124738,13.275911018388857
50.49287889,14.24140543,F,1.7449286314021815,2.6843617841590257
357.50256411,-11.98276499,K,-0.6808563273073253,0.22362696511302643
53.64944809,15.56247207,K,-0.6808563273073253,0.22362696511302643
19.34021311,-1.1165567,B,-0.1975961538461539,24693.029699168907
59.84856273,17.97616622,K,-0.6808563273073253,0.22362696511302643
331.8823262,-21.70987581,K,-0.6808563273073253,0.22362696511302643
327.96805915,-22.80339668,A,0.27,61.92
9.13061988,-6.39817299,A,1.0,13.82
358.45611095,-11.57362209,K,-0.6808563273073253,0.1
31.62226615,5.23503282,B,-0.1975961538461539,24693.029699168907
63.9354417,19.41478652,G,3.52,0.84
3.25735928,-9.31351755,G,1.5541858141858127,1.4605227901814972
350.34742549,-15.15096639,G,3.06,1.31
9.86825619,-6.04736426,G,1.5541858141858127,1.4605227901814972
335.81994206,-20.52368733,M,-1.2799270072992703,0.021972455607761267
4.87587405,-8.54237933,A,1.37,13.13
60.88885062,18.31470461,A,1.64,14.05
20.89574177,-0.36359759,F,0.74,12.34
51.82876179,14.74223197,K,-0.6808563273073253,0.22362696511302643
78.78429997,23.70963729,K,-0.6808563273073253,0.22362696511302643
69.23064304,21.11061682,K,-3.45,274.82
12.52499731,-4.71145135,K,-0.6808563273073253,0.22362696511302643
76.80282067,23.22193035,A,0.78,27.83
357.91600808,-11.86345211,F,1.7449286314021815,2.6843617841590257
2.50324575,-9.71385847,G,1.5541858141858127,1.4605227901814972
30.89226132,4.80507877,F,1.99,4.57
41.93698308,10.26556082,B,-0.1975961538461539,24693.029699168907
34.59881856,6.66637695,A,0.99,19.92
49.54487247,13.72334038,G,1.94,3.09
345.22599181,-17.24417692,F,1.7449286314021815,2.6843617841590257
345.37268728,-17.19055877,K,-0.6808563273073253,0.22362696511302643
342.43233627,-18.29277609,G,4.02,0.49
90.63553049,25.9878746,K,-0.6808563273073253,0.22362696511302643
322.17581489,-24.23792881,F,2.64,2.98
69.87817746,21.25879559,K,-0.6808563273073253,0.22362696511302643
68.75152539,20.91093774,F,1.15,11.56
26.46658893,2.46294623,F,1.7449286314021815,2.6843617841590257
33.39752375,6.02200643,B,0.38,38.5
5.67705862,-8.24210383,K,-0.6808563273073253,0.22362696511302643
336.54588395,-20.34513517,G,1.5541858141858127,1.4605227901814972
37.8403204,8.21573988,M,-1.2799270072992703,0.021972455607761267
30.97155284,4.7597995,F,2.71,2.37
346.97955568,-16.60426505,F,1.17,9.48
70.19495725,21.32338067,K,-0.6808563273073253,0.22362696511302643
62.19519598,18.68874397,G,2.74,1.95
59.55557324,17.7227109,K,-0.6808563273073253,0.22362696511302643
69.38989562,21.07677727,F,1.44,8.91
31.83700944,5.18743417,B,-0.1975961538461539,24693.029699168907
15.87917764,-3.09697123,B,-0.1975961538461539,24693.029699168907
50.36219867,14.00416293,K,-1.21,39.42
66.36124984,20.10976746,A,0.9189775051124738,13.275911018388857
339.5979932,-19.33869839,G,1.5541858141858127,1.4605227901814972
81.97475596,24.35947083,K,-0.6808563273073253,0.22362696511302643
35.7537914,7.15032014,A,0.85,25.67
8.45178187,-6.90120471,B,-0.1975961538461539,24693.029699168907
340.49743864,-19.03344961,F,2.29,3.92
332.02137126,-21.75137059,A,1.5,15.07
352.80869305,-14.22682905,A,1.53,15.09
103.88938852,27.3393941,G,3.16,1.5
34.74707318,6.63250612,A,0.9189775051124738,13.275911018388857
45.9573182,12.02419409,A,-0.14,78.82
1.10742372,-10.48933699,A,0.14,46.22
56.89503411,16.67276585,B,0.28,99.17
1.82063153,-10.15563987,G,1.5541858141858127,1.4605227901814972
60.54668021,18.05604741,B,1.2,48.05
73.86823969,22.34779696,K,-0.6808563273073253,0.22362696511302643
25.46447746,1.85130015,B,-1.08,72.81
341.61027842,-18.65684458,K,-1.82,79.13
53.70330923,15.37052143,M,-1.2799270072992703,0.021972455607761267
96.11636139,26.66479172,K,-0.6808563273073253,0.22362696511302643
1.75667023,-10.20437656,A,0.9189775051124738,13.275911018388857
330.90924721,-22.08548373,F,1.7449286314021815,2.6843617841590257
20.05942198,-0.97920823,F,1.7449286314021815,2.6843617841590257
357.59468512,-12.14204774,A,1.32,11.52
63.31467186,19.03313237,M,-2.59,91.25
42.52018056,10.38986562,K,-0.6808563273073253,0.22362696511302643
42.51649357,10.38694808,G,1.5541858141858127,1.4605227901814972
342.66651734,-18.29034695,A,0.9189775051124738,13.275911018388857
95.35163112,26.56840318,A,0.27,32.88
61.91946023,18.52558487,K,-1.41,46.68
350.99648902,-15.0386475,K,-0.72,22.47
86.15238965,25.15791218,F,2.36,4.12
18.09886913,-2.03028959,B,-1.04,126.44
328.5053151,-22.75494629,F,2.04,5.54
56.28110898,16.3781943,K,-0.6808563273073253,0.22362696511302643
346.67240514,-16.79085941,F,1.7449286314021815,2.6843617841590257
14.84052036,-3.72299322,G,2.9,1.57
92.15265179,26.14148016,F,0.8,25.13
13.83763541,-4.24038007,K,4.09,0.36
18.995357,-1.57332846,F,-2.33,62.63
355.96802242,-12.90629166,G,1.5541858141858127,1.4605227901814972
9.89936407,-6.25185002,K,-1.29,31.2
81.22137386,24.14042211,K,-0.6808563273073253,0.22362696511302643
30.2094989,4.24398387,B,0.39,70.82
346.68459567,-16.79754329,K,-0.6808563273073253,0.22362696511302643
332.8163998,-21.55820261,B,-0.1975961538461539,437.05
19.68481504,-1.22935219,B,-0.81,64.25
14.42089985,-3.95959049,F,1.7449286314021815,2.6843617841590257
356.88470509,-12.50972253,K,-0.6808563273073253,0.22362696511302643
13.62383887,-4.37302697,B,-4.46,2126.49
354.83601186,-13.42229049,F,1.7449286314021815,2.6843617841590257
43.55785566,10.8234707,M,-1.2799270072992703,0.021972455607761267
21.05741667,-0.52588913,B,-0.1975961538461539,24693.029699168907
37.85261866,8.07620861,K,-0.6808563273073253,0.22362696511302643
14.30147404,-4.03417655,A,0.89,40.3
36.43839315,7.37516008,B,-0.1975961538461539,24693.029699168907
51.66374564,14.44255267,G,-0.08,15.41
68.18959693,20.60012433,F,3.16,1.42
29.19578318,3.68970442,F,2.32,4.46
11.76522551,-5.34374669,K,-0.6808563273073253,0.22362696511302643
346.52311041,-16.88280167,G,1.5541858141858127,1.4605227901814972
73.42703458,22.15734199,G,2.56,2.38
353.64358611,-13.96089817,F,1.7449286314021815,2.6843617841590257
326.93391991,-23.1836683,B,-0.1975961538461539,24693.029699168907
338.19231255,-19.89677838,F,0.06,51.12
68.67938246,20.73470905,K,-2.06,81.49
83.73925214,24.64049738,F,1.7449286314021815,2.6843617841590257
72.41113145,21.85066138,A,0.9189775051124738,13.275911018388857
39.52327639,8.83693977,G,2.91,1.68
353.09658198,-14.22472943,B,-0.1975961538461539,24693.029699168907
7.79759188,-7.3875533,F,2.52,2.6
346.39707888,-16.96613297,F,1.58,8.77
340.9960709,-18.96081171,K,-0.6808563273073253,0.22362696511302643
3.06886518,-9.70415314,K,-0.6808563273073253,0.22362696511302643
37.16519734,7.65904784,B,-0.1975961538461539,24693.029699168907
47.81151664,12.68678653,K,-0.6808563273073253,0.22362696511302643
90.9671492,25.91539896,K,-0.6808563273073253,0.22362696511302643
101.937094,27.15858051,F,1.7449286314021815,2.6843617841590257
349.0557391,-15.92800176,B,-1.53,809.9
74.45367554,22.39437136,K,-2.28,116.22
28.53131911,3.26616052,K,-1.68,52.05
91.32900451,25.96362099,K,3.35,1.0
17.21057871,-2.64000519,A,-0.08,35.11
78.53807904,23.4321561,F,2.36,3.68
13.70633696,-4.45962835,G,-7.52,11507.88
88.75299786,25.53767812,A,-0.67,70.94
57.34573849,16.65509687,K,-0.86,28.36
56.89938698,16.47370389,K,-0.6808563273073253,0.22362696511302643
48.79672394,13.07549226,A,0.9189775051124738,13.275911018388857
335.60836196,-20.78267167,F,1.7449286314021815,12.01
351.36707579,-15.01447018,K,-4.94,1008.71
337.05674348,-20.32344662,K,-0.6808563273073253,0.22362696511302643
29.81211535,3.87580196,A,-0.96,123.36
95.29090898,26.48737936,F,0.79,20.55
51.16941454,14.1060696,M,-1.2799270072992703,0.021972455607761267
25.27083393,1.51931568,K,-0.6808563273073253,0.22362696511302643
348.69881112,-16.11196769,K,3.65,0.52
20.36525146,-1.04458987,B,-0.1975961538461539,24693.029699168907
359.61346338,-11.40347521,M,-1.2799270072992703,0.021972455607761267
36.79276611,7.38802712,F,1.58,6.97
350.338856,-15.45822635,K,-0.6808563273073253,0.22362696511302643
349.22594042,-15.91129775,B,-2.42,2279.67
353.63888471,-14.0731756,F,2.55,2.78
53.69359145,15.14848781,A,0.9189775051124738,13.275911018388857
353.97087311,-13.93699299,G,1.5541858141858127,1.4605227901814972
84.90971366,24.80238073,K,-0.6808563273073253,0.22362696511302643
33.99685509,5.96385159,B,-0.92,262.96
8.55534687,-7.12412557,F,1.7449286314021815,2.6843617841590257
94.25591213,26.33738682,K,-0.6808563273073253,0.22362696511302643
8.70712442,-7.05142372,F,2.52,2.76
48.55148995,12.91539332,F,2.86,1.85
41.86852613,9.82543352,A,0.9189775051124738,13.275911018388857
43.13056142,10.41985862,G,3.48,0.87
80.90437078,23.93696166,B,-0.18,167.71
67.6444772,20.2797499,F,2.11,3.88
22.40889592,-0.03465734,B,-0.1975961538461539,24693.029699168907
6.82539146,-8.00101953,G,2.8,1.66
7.12479335,-7.85585591,G,2.68,1.97
13.74299694,-4.5283834,G,-7.91,10337.1
357.30877347,-12.49839373,B,-0.1975961538461539,24693.029699168907
11.1216749,-5.86342891,A,0.9189775051124738,13.275911018388857
356.48345207,-12.86918653,F,2.16,4.56
4.68511046,-9.05360336,G,-0.34,21.97
61.95092074,18.317829,M,-1.2799270072992703,0.021972455607761267
333.94613103,-21.33130574,K,-0.6808563273073253,0.22362696511302643
45.60570298,11.55093864,K,-0.6808563273073253,0.22362696511302643
338.37094359,-19.9393848,K,-0.6808563273073253,0.22362696511302643
2.91938636,-9.91215286,F,1.7449286314021815,2.6843617841590257
64.7675352,19.30117328,F,0.27,26.67
4.1849943,-9.31371168,G,3.34,1.16
97.96563064,26.75447924,K,-3.37,280.01
17.74523635,-2.50033845,A,1.21,15.95
354.69764808,-13.6789922,F,1.81,5.83
74.26324612,22.2345952,K,-0.6808563273073253,0.22362696511302643
354.99161084,-13.55301092,A,0.7,37.23
16.34301866,-3.22847131,G,1.5541858141858127,1.4605227901814972
48.44482102,12.80875639,A,0.9189775051124738,13.275911018388857
61.23155216,18.01848744,F,1.7449286314021815,2.6843617841590257
46.41548309,11.88155004,A,2.02,7.87
352.29720142,-14.71844617,G,2.69,1.67
352.52933507,-14.62190097,A,0.9189775051124738,13.275911018388857
33.37453287,5.55775181,G,1.5541858141858127,1.4605227901814972
357.44374319,-12.48806441,G,1.5541858141858127,1.4605227901814972
16.61259842,-3.11626581,B,-0.1975961538461539,24693.029699168907
100.3893498,26.97400308,A,0.9189775051124738,13.275911018388857
346.90317679,-16.90799231,G,3.13,1.22
13.90700937,-4.51555985,G,-7.72,11084.25
51.89887151,14.2823541,G,1.5541858141858127,1.4605227901814972
98.89969213,26.83148251,G,1.65,6.51
321.93986623,-24.42483419,G,1.5541858141858127,1.4605227901814972
359.06603413,-11.7752204,K,-1.94,90.91
86.19708561,24.98735106,F,-6.32,4588.12
54.14673072,15.20020949,G,1.5541858141858127,1.4605227901814972
16.83688416,-3.04779374,B,-0.1975961538461539,24693.029699168907
74.60779847,22.27852967,K,-3.21,238.1
6.54056419,-8.2500222,A,0.9189775051124738,13.275911018388857
34.62787484,6.13446178,K,-0.6808563273073253,0.22362696511302643
23.68033996,0.499324,F,1.7449286314021815,2.6843617841590257
31.30563866,4.43520038,F,1.7449286314021815,2.6843617841590257
17.59048734,-2.68330304,K,-8.07,0.22362696511302643
343.59854623,-18.19643621,G,1.5541858141858127,1.4605227901814972
52.38541122,14.41990241,K,-4.32,559.0
55.04810899,15.52763864,K,-0.6808563273073253,0.22362696511302643
47.35515136,12.20981739,A,2.05,9.93
41.41792619,9.4363187,G,1.5541858141858127,1.4605227901814972
53.39473157,14.83833495,F,1.03,13.16
52.88576294,14.62263305,F,1.51,9.87
4.64549086,-9.21529675,G,1.5541858141858127,1.4605227901814972
324.6998205,-23.84127879,G,2.88,1.61
59.03743432,17.0946389,B,0.45,104.35
37.47541862,7.50301167,K,-0.35,17.95
49.37306112,13.09553966,A,0.9189775051124738,13.275911018388857
349.84653315,-15.81822193,K,-0.6808563273073253,0.22362696511302643
329.78747239,-22.58273232,B,-0.1975961538461539,24693.029699168907
93.47253297,26.14674504,K,-0.6808563273073253,2.45
65.81367603,19.52980076,A,1.91,8.6
320.57735262,-24.73390333,K,-1.52,62.83
0.46698142,-11.21452135,K,-0.6808563273073253,0.22362696511302643
30.52329565,3.9673134,K,-0.6808563273073253,0.22362696511302643
344.32039907,-17.97227323,A,0.9189775051124738,13.275911018388857
89.29159223,25.48792467,K,-0.6808563273073253,0.22362696511302643
5.21620882,-8.98676202,G,1.5541858141858127,1.4605227901814972
354.86830362,-13.74531324,F,2.36,3.97
60.06592525,17.44239629,F,1.7449286314021815,2.6843617841590257
338.60210563,-19.9752687,K,-0.6808563273073253,0.22362696511302643
16.11734476,-3.52789551,K,-0.6808563273073253,0.22362696511302643
349.34978466,-16.05172549,G,1.5541858141858127,1.4605227901814972
353.21161908,-14.46108763,G,1.02,8.24
21.32522136,-0.83983463,G,3.06,1.05
7.49033106,-7.89373788,F,2.56,2.78
340.9867117,-19.1805525,K,4.45,0.18
26.24781334,1.70460883,K,-1.52,53.41
36.52331417,6.94750856,K,-0.6808563273073253,0.22362696511302643
68.94682653,20.50441266,K,-1.43,52.76
29.5405416,3.39919649,F,1.04,18.33
14.52024975,-4.38347248,B,-0.1975961538461539,24693.029699168907
68.57906931,20.37392672,K,-0.6808563273073253,0.22362696511302643
106.71697105,27.33697408,G,1.97,5.02
9.38290504,-6.99749467,B,-0.82,180.67
68.57690869,20.36581799,F,2.71,1.91
48.02404259,12.39120377,K,-1.64,57.59
32.5032742,4.88888656,G,1.5541858141858127,1.4605227901814972
42.71948845,9.92636253,F,1.7449286314021815,2.6843617841590257
35.73378933,6.50715226,B,-0.1975961538461539,24693.029699168907
51.20877819,13.78262707,K,4.35,0.21
58.69664822,16.85228878,A,0.9189775051124738,13.275911018388857
49.95591818,13.23068488,G,-0.7,24.85
67.7858563,20.09286928,F,1.7449286314021815,2.6843617841590257
357.29423026,-12.74855726,G,2.67,1.88
25.48694454,1.24789121,F,1.7449286314021815,2.6843617841590257
23.25267152,0.08466186,F,1.69,6.82
10.73513248,-6.35402411,F,2.07,4.53
25.6125511,1.30192303,B,0.71,40.05
355.99286195,-13.3340198,B,-0.1975961538461539,24693.029699168907
355.99834497,-13.33142255,B,-0.1975961538461539,24693.029699168907
59.41174994,17.11037001,B,-1.09,524.22
38.28764393,7.75086255,A,0.9189775051124738,13.275911018388857
88.01824817,25.21274543,F,1.26,12.27
4.18285837,-9.58085282,G,4.09,0.44
39.03829383,8.10555891,K,-0.6808563273073253,0.22362696511302643
355.2836418,-13.65594168,G,1.77,4.61
24.74526742,0.82792137,K,5.12,0.06
63.01162985,18.42451794,A,2.19,7.09
12.76676053,-5.35952488,B,-0.1975961538461539,24693.029699168907
20.54516606,-1.36058083,K,4.69,0.12
68.00031506,20.13038911,G,-0.78,27.74
336.54200233,-20.70110699,G,1.29,6.07
352.61981458,-14.80351007,G,-3.84,496.9
339.09737762,-19.88361176,F,1.7449286314021815,2.6843617841590257
46.13523524,11.46015738,K,-0.6808563273073253,0.22362696511302643
32.58616928,4.85206257,A,1.58,11.09
327.14598231,-23.32595858,K,-0.6808563273073253,0.22362696511302643
303.89753148,-27.05766525,K,-1.08,35.02
345.01071711,-17.81772748,K,0.21,11.77
0.75205984,-11.22973466,F,1.45,9.2
35.91298551,6.5120761,B,-0.1975961538461539,129.2
17.70436286,-2.87694121,A,1.42,22.26
357.8102661,-12.58973761,B,-0.1975961538461539,24693.029699168907
35.01064444,6.03790602,G,0.65,8.68
3.50067048,-9.97523491,G,2.75,1.71
8.2271288,-7.69984044,B,-0.1975961538461539,24693.029699168907
46.97840928,11.78264191,F,1.7449286314021815,2.6843617841590257
322.94760897,-24.31012525,F,1.49,11.38
92.08332761,25.84120127,A,1.68,11.29
74.80105582,22.12171175,A,-0.78,262.64
40.30429648,8.6190502,B,-0.1975961538461539,24693.029699168907
18.10675231,-2.72279081,A,0.56,26.19
2.7657241,-10.35701775,F,3.15,1.38
20.03331262,-1.73673938,O,-1.0,80976.42962657007
9.51961148,-7.09580772,K,-0.6808563273073253,0.22362696511302643
87.10746167,24.97887437,A,0.9189775051124738,13.275911018388857
50.80909039,13.45592435,A,0.9189775051124738,13.275911018388857
58.07446045,16.46812204,B,-0.1975961538461539,24693.029699168907
76.52000185,22.56763848,K,-0.6808563273073253,0.22362696511302643
80.55739412,23.58005919,K,3.78,0.23
358.22978149,-12.4619464,K,-0.6808563273073253,0.22362696511302643
96.41249722,26.41944689,A,1.31,23.35
28.42275905,2.60037931,F,2.31,3.62
81.2282955,23.73431934,G,1.5541858141858127,354.48
1.34656905,-11.04671573,B,-2.47,2126.15
60.18644192,17.27381216,F,1.7449286314021815,2.6843617841590257
32.09157737,4.46988027,G,3.27,1.22
356.99893149,-13.02969091,K,-0.6808563273073253,0.22362696511302643
15.35380944,-4.18865709,A,2.03,4.84
42.2082002,9.4665617,G,1.5541858141858127,1.4605227901814972
1.4088114,-11.04629287,B,-0.1975961538461539,24693.029699168907
353.70434131,-14.46677326,B,-0.1975961538461539,24693.029699168907
75.74274205,22.32675632,A,0.9189775051124738,13.275911018388857
78.27029117,22.98865863,G,1.5541858141858127,1.4605227901814972
332.43840505,-21.9984155,K,-0.6808563273073253,0.22362696511302643
358.84610502,-12.22615579,G,1.5541858141858127,1.4605227901814972
56.96730388,15.97874422,A,0.42,39.57
62.94977825,18.25479086,G,-1.29,47.2
29.13828258,2.90785669,M,-1.2799270072992703,0.021972455607761267
77.03239009,22.66017594,A,0.9189775051124738,13.275911018388857
2.07462614,-10.75435842,F,1.7449286314021815,2.6843617841590257
24.10915159,0.28951158,B,0.96,26.13
15.2343403,-4.2958561,M,-1.2799270072992703,0.021972455607761267
5.64622875,-9.07258329,A,0.9189775051124738,13.275911018388857
44.02094604,10.28607745,F,1.51,8.53
328.7661311,-22.99321052,A,0.9189775051124738,13.275911018388857
337.30056299,-20.56975194,K,-0.6808563273073253,0.22362696511302643
19.36317873,-2.18735638,K,-0.6808563273073253,0.22362696511302643
26.6891071,1.61197644,B,-0.1975961538461539,24693.029699168907
103.15535121,27.05177207,K,-1.72,74.11
352.41572198,-15.04900832,G,-1.44,53.79
49.57739999,12.80517684,A,0.64,33.3
58.37796823,16.48996622,K,-1.82,67.47
47.92522114,12.06226054,G,2.95,1.45
30.37928395,3.49597698,F,2.58,2.63
77.33034944,22.70796909,K,-0.6808563273073253,0.22362696511302643
11.79585561,-6.07535735,O,-1.0,80976.42962657007
40.41574508,8.52375372,A,0.9189775051124738,13.275911018388857
33.23504026,4.946392,F,1.7449286314021815,2.6843617841590257
79.93765674,23.35541459,B,-0.1975961538461539,24693.029699168907
341.23144643,-19.30437842,F,0.27,24.08
13.38971377,-5.2915076,K,-0.6808563273073253,0.22362696511302643
87.07019205,24.89781054,A,0.89,20.65
3.69030495,-10.06221672,F,1.7449286314021815,2.6843617841590257
359.72811427,-11.90224155,F,1.57,9.85
78.71981562,23.04360784,K,-0.6808563273073253,0.22362696511302643
57.44209435,16.08245882,A,1.39,13.14
26.80773542,1.60983352,K,-0.6808563273073253,0.22362696511302643
62.94515126,18.17368394,F,2.76,2.21
71.19330958,20.93422922,M,-1.2799270072992703,0.021972455607761267
355.77034941,-13.67136644,K,-0.6808563273073253,0.22362696511302643
80.64818657,23.50755008,M,-5.6,405.38
342.42616566,-18.90745458,K,-3.31,212.98
36.78588525,6.69217966,K,-0.6808563273073253,0.22362696511302643
60.32103955,17.19241719,A,1.29,14.35
85.06488998,24.48438615,A,0.52,29.52
9.41546989,-7.31438431,F,1.7449286314021815,2.6843617841590257
3.01345781,-10.40593541,G,1.5541858141858127,1.4605227901814972
18.05837125,-2.94052089,K,-2.51,90.66
64.83747193,18.83464704,A,0.9189775051124738,13.275911018388857
64.64264905,18.7651499,K,-0.6808563273073253,0.22362696511302643
44.75611716,10.53766571,M,-1.2799270072992703,0.021972455607761267
33.80882922,5.17605392,A,0.43,31.24
42.29583447,9.36873068,G,3.06,1.47
306.66260983,-26.83447574,F,1.44,7.59
6.39595157,-8.81236032,G,1.5541858141858127,1.23
357.95281174,-12.73944968,F,1.7449286314021815,2.6843617841590257
58.63819267,16.51996877,A,0.9189775051124738,13.275911018388857
70.09042969,20.56566361,F,1.12,10.69
343.6923777,-18.48354144,G,1.5541858141858127,1.4605227901814972
64.32702353,18.63451601,A,0.8,28.6
63.61470716,18.37978104,K,-0.6808563273073253,0.22362696511302643
343.42754911,-18.58086618,G,1.5541858141858127,1.4605227901814972
10.9394279,-6.59265706,A,1.32,15.5
344.57902401,-18.17099668,K,-0.6808563273073253,0.22362696511302643
5.94578858,-9.05445839,G,3.33,0.91
29.32422446,2.83914116,F,1.73,6.97
35.91579089,6.1874881,F,1.7449286314021815,2.6843617841590257
50.57569944,13.12913561,A,1.5,18.4
19.09287323,-2.47045345,F,3.03,1.95
40.81893112,8.60286244,A,-0.07,80.78
345.931284,-17.70063597,K,-0.6808563273073253,0.22362696511302643
44.32939143,10.26435433,F,1.66,7.49
342.94655569,-18.78591933,K,-0.6808563273073253,0.22362696511302643
343.11413819,-18.73023371,G,1.5541858141858127,1.4605227901814972
3.53630561,-10.24750408,G,2.79,1.71
348.52492927,-16.72954839,G,1.5541858141858127,1.4605227901814972
10.17175478,-7.03910199,F,1.7449286314021815,2.6843617841590257
347.10885897,-17.27527987,K,-0.6808563273073253,0.22362696511302643
119.89234079,27.29018569,A,1.69,13.14
18.7249446,-2.70753445,B,-0.27,61.54
53.8121733,14.47566241,F,1.7449286314021815,2.6843617841590257
356.18823239,-13.58891764,G,1.5541858141858127,1.4605227901814972
83.23922038,24.02849147,K,-1.59,56.83
359.5699272,-12.10212322,K,-0.6808563273073253,0.22362696511302643
21.30535359,-1.39618582,G,-2.0,102.98
350.64169581,-15.91758418,G,1.5541858141858127,1.4605227901814972
323.44765666,-24.30614235,K,-0.87,27.59
328.89888142,-23.04694028,F,2.56,3.86
81.89000037,23.70470681,K,-0.6808563273073253,0.22362696511302643
44.69874735,10.36816653,A,1.11,16.44
333.05250563,-21.94735665,K,-0.6808563273073253,0.22362696511302643
15.968173,-4.16889187,A,0.9189775051124738,13.275911018388857
31.10953556,3.64595789,B,-0.1975961538461539,24693.029699168907
318.78675441,-25.22043018,A,0.9189775051124738,13.275911018388857
93.50301654,25.89765475,F,2.97,1.44
339.77402675,-19.90440909,K,-0.6808563273073253,0.22362696511302643
23.75191024,-0.17489335,K,-3.08,186.03
47.56329166,11.66915343,A,-0.8,184.89
63.04273839,18.05115361,B,-0.98,395.5
70.14308146,20.46506688,F,2.51,3.11
103.00936715,26.96570399,K,-1.21,41.09
327.47316019,-23.41550547,F,1.78,6.57
76.13798129,22.22892981,K,-0.6808563273073253,0.22362696511302643
349.27351977,-16.50160744,B,-0.1975961538461539,24693.029699168907
355.23529104,-14.06164809,A,-0.56,68.76
353.80774935,-14.66677953,G,1.5541858141858127,1.4605227901814972
50.86672926,13.12661392,A,0.9189775051124738,13.275911018388857
74.39213692,21.73302165,M,5.12,0.06
57.46044925,15.89215519,A,0.9189775051124738,13.275911018388857
11.41784555,-6.52364475,B,-0.1975961538461539,24693.029699168907
16.74513125,-3.82872764,F,2.15,4.47
12.54280151,-5.96400731,F,0.96,17.42
23.05237261,-0.58158459,K,-0.6808563273073253,0.22362696511302643
22.07778434,-1.09322933,B,-0.1975961538461539,24693.029699168907
13.9560881,-5.26200083,M,-5.19,0.021972455607761267
90.20305833,25.33627516,F,1.88,6.27
1.5973647,-11.27405248,A,0.95,26.86
45.06746378,10.44683063,K,3.71,0.54
52.63547578,13.84150472,G,-2.32,141.04
50.26313338,12.80290583,F,1.7449286314021815,2.6843617841590257
62.30752463,17.71213635,G,1.5541858141858127,1.4605227901814972
35.53715538,5.7639722,A,1.09,27.26
14.62201789,-4.98256143,B,-0.1975961538461539,24693.029699168907
68.90688641,19.99405249,A,1.59,16.29
69.34819165,20.13628432,A,0.25,32.5
324.93693336,-24.03322836,F,2.46,3.69
355.15637429,-14.17892516,G,1.5541858141858127,1.4605227901814972
66.25171705,19.0878382,G,2.51,2.76
4.33896562,-10.06291015,K,-0.6808563273073253,0.22362696511302643
54.3231437,14.49601254,B,-0.1975961538461539,24693.029699168907
104.13863328,27.01377551,G,-1.31,48.91
56.07692704,15.22348645,G,-1.52,50.11
0.64645011,-11.78811899,K,-0.6808563273073253,0.22362696511302643
334.06618894,-21.74831703,K,4.76,0.12
352.49044949,-15.32662165,K,-0.6808563273073253,0.22362696511302643
40.15531367,7.98443654,B,-0.1975961538461539,24693.029699168907
113.2246093,27.37909666,K,3.95,0.45
1.37479251,-11.47862029,K,-0.6808563273073253,0.22362696511302643
46.49940758,11.00228691,F,1.7449286314021815,3.11
346.20962285,-17.7789769,G,1.5541858141858127,1.4605227901814972
38.40510846,7.11292283,B,-0.1975961538461539,24693.029699168907
350.77483883,-16.03136724,B,-0.1975961538461539,24693.029699168907
103.13283153,26.9252524,K,-2.59,116.21
71.67957823,20.81336992,K,0.22,12.1
54.85576571,14.68187865,A,0.9189775051124738,13.275911018388857
51.87700644,13.40728872,F,1.61,12.98
41.70521033,8.71551545,A,0.9189775051124738,13.275911018388857
54.66232296,14.58923143,A,1.96,8.23
49.19820915,12.21278368,G,1.5541858141858127,1.4605227901814972
334.94200818,-21.51384803,A,0.9189775051124738,13.275911018388857
36.00971108,5.89929396,G,-2.62,63.1
4.58284563,-10.0122621,K,-3.38,218.74
336.80305338,-20.96402926,A,0.9189775051124738,13.275911018388857
18.66699616,-3.02195016,B,-0.61,71.28
106.63342972,27.15800716,A,0.99,18.85
42.09207654,8.87662442,K,-0.6808563273073253,0.22362696511302643
101.00081162,26.72395379,K,-0.6808563273073253,0.22362696511302643
73.12688737,21.22306112,A,0.9189775051124738,13.275911018388857
358.5700381,-12.7889309,G,1.5541858141858127,1.4605227901814972
41.8363893,8.73577993,A,1.43,15.68
65.58626725,18.7681883,K,-0.6808563273073253,0.22362696511302643
9.38355583,-7.73176672,G,1.5541858141858127,1.4605227901814972
356.46593501,-13.71494327,G,1.5541858141858127,1.4605227901814972
39.42553697,7.55463448,B,-0.1975961538461539,24693.029699168907
25.19018308,0.31258991,K,-1.09,46.74
52.81921984,13.76381896,G,1.5541858141858127,1.4605227901814972
21.50819389,-1.59888075,G,3.67,0.65
7.45289901,-8.6799148,G,1.5541858141858127,1.4605227901814972
335.2669024,-21.44533127,F,2.48,3.28
95.03563597,26.00630539,A,1.76,10.67
41.29083977,8.44905132,A,1.21,23.41
69.89843127,20.19744572,A,0.9189775051124738,13.275911018388857
329.60596441,-22.98844117,M,-1.2799270072992703,0.021972455607761267
18.8959494,-2.95978421,B,-0.1975961538461539,24693.029699168907
39.54664629,7.59110877,A,0.9189775051124738,13.275911018388857
95.49130916,26.06483011,F,1.2,13.63
340.95569341,-19.67655441,F,1.7449286314021815,2.6843617841590257
58.81558922,16.21437657,K,-0.6808563273073253,0.22362696511302643
30.00715199,2.76957287,A,0.9189775051124738,13.275911018388857
59.35519032,16.42422525,G,-4.57,550.37
35.12943102,5.37483702,F,1.7449286314021815,2.6843617841590257
308.50924848,-26.68873852,A,0.9189775051124738,13.275911018388857
91.83884188,25.5051614,F,0.7,18.65
356.55974897,-13.7189581,G,1.5541858141858127,1.4605227901814972
49.35073399,12.18411809,A,0.9189775051124738,13.275911018388857
2.20003038,-11.2072908,M,-1.2799270072992703,0.021972455607761267
342.53451458,-19.16413614,G,1.5541858141858127,1.4605227901814972
79.68149245,22.97337395,F,1.7449286314021815,2.6843617841590257
349.74673052,-16.52310736,G,2.41,2.74
97.06473454,26.25482357,G,3.32,1.08
348.33874751,-17.07680164,G,1.68,5.38
350.9269757,-16.07297461,G,3.81,0.62
72.46554329,20.95229943,K,-0.6808563273073253,0.22362696511302643
341.86208571,-19.4092252,F,1.7449286314021815,2.6843617841590257
27.15241184,1.23684576,G,2.37,2.61
0.00724257,-12.22906259,F,1.7449286314021815,2.6843617841590257
39.40090734,7.45046468,F,1.45,8.73
0.93453941,-11.81295399,G,1.5541858141858127,1.4605227901814972
339.41345561,-20.21689447,K,-0.6808563273073253,0.22362696511302643
35.65310475,5.5779914,K,-2.4,122.45
325.86799745,-23.90439055,F,1.93,5.69
7.06896102,-8.94744234,K,-0.6808563273073253,0.22362696511302643
336.03666813,-21.26071768,F,2.36,4.62
35.95346399,5.7261954,B,-0.1975961538461539,24693.029699168907
47.07991862,11.09510407,K,-0.6808563273073253,0.22362696511302643
28.49394072,1.90269473,B,-0.1975961538461539,24693.029699168907
77.67624644,22.41803715,A,1.76,8.28
59.24459836,16.30820419,G,-1.27,48.97
93.16497931,25.68759154,G,3.2,1.33
328.19186128,-23.37690148,K,-1.57,50.1
52.7410332,13.61219816,K,-0.6808563273073253,0.22362696511302643
353.47234225,-15.07793339,F,1.81,6.47
42.92235885,9.12248929,F,0.78,13.49
51.33693174,12.99660111,A,0.99,29.95
62.18477817,17.42327021,B,-0.29,262.17
48.44453904,11.70006762,K,-0.6808563273073253,0.22362696511302643
37.21356713,6.31366885,F,1.86,6.6
13.15344358,-5.99892581,B,-0.1975961538461539,24693.029699168907
23.96917085,-0.46717789,G,1.5541858141858127,1.4605227901814972
43.03669234,9.16346858,F,1.7449286314021815,2.6843617841590257
37.3313032,6.36777544,K,-0.6808563273073253,0.22362696511302643
357.26934085,-13.48616459,A,2.13,5.43
350.1647381,-16.42141168,B,-0.1975961538461539,24693.029699168907
36.65188382,6.02246281,A,-1.38,119.21
339.19980103,-20.3173837,K,-1.03,33.47
15.94126403,-4.60285094,F,1.7449286314021815,2.6843617841590257
45.18056515,10.17043193,K,-2.1,100.52
321.90790562,-24.74900852,K,-0.8,26.28
73.11242759,21.08862406,K,-0.6808563273073253,0.22362696511302643
71.9001418,20.71865359,A,-0.03,46.81
17.0782777,-4.04958084,K,-0.6808563273073253,0.22362696511302643
50.63228523,12.63856501,A,0.9189775051124738,13.275911018388857
7.77215632,-8.68727166,G,2.85,1.63
9.10797437,-8.03901254,K,-0.6808563273073253,0.22362696511302643
48.4152551,11.63757768,K,-0.6808563273073253,0.22362696511302643
83.9531178,23.90468253,K,-0.6808563273073253,0.22362696511302643
91.36288397,25.35740886,G,3.63,0.72
34.65671552,4.95820962,G,-0.94,34.19
336.81520229,-21.08695727,G,-1.41,52.96
67.44733438,19.23747596,A,0.7,58.1
98.05724956,26.3244274,A,0.54,53.91
61.9718826,17.27025735,G,1.5541858141858127,1.4605227901814972
71.42374268,20.53308317,K,-0.6808563273073253,0.22362696511302643
357.7093663,-13.35689235,G,2.13,3.43
14.24055825,-5.53617074,B,-0.1975961538461539,24693.029699168907
6.47641653,-9.3515855,G,2.09,3.27
77.90206877,22.40258732,A,0.9189775051124738,13.275911018388857
347.18561271,-17.62085468,G,0.92,9.6
314.46340676,-26.00689431,G,1.41,6.81
27.18348026,1.08815061,A,2.09,5.36
5.77008353,-9.70747385,K,0.46,10.69
72.61326754,20.8789985,A,1.4,14.45
14.19380067,-5.59825349,G,1.5541858141858127,1.4605227901814972
19.82670494,-2.73149601,B,-0.1975961538461539,24693.029699168907
330.39572116,-22.89212963,G,3.77,0.54
45.91599124,10.39571676,G,-0.64,28.73
17.9380192,-3.70787961,F,2.39,3.7
32.15007922,3.61099809,F,1.9,4.54
5.11788034,-10.04341151,K,-0.64,19.46
53.57409723,13.82799206,F,2.19,3.52
358.80979961,-12.92529305,F,0.95,11.43
33.96337494,4.52209297,A,1.0,30.55
41.56377833,8.30353415,B,0.22,79.16
8.37506729,-8.49783233,G,3.36,0.99
38.05160684,6.57193537,M,-1.2799270072992703,0.021972455607761267
74.42668754,21.38921158,F,0.86,21.27
57.97192721,15.6414698,K,-1.29,40.94
38.05151456,6.56407695,G,2.14,3.43
354.34106363,-14.85211517,G,1.5541858141858127,1.4605227901814972
351.26714297,-16.10152175,G,1.5541858141858127,1.4605227901814972
43.63720444,9.28086325,G,1.5541858141858127,1.4605227901814972
42.34306252,8.65608755,G,3.04,1.46
33.33317568,4.16627843,G,1.5541858141858127,1.4605227901814972
41.51857802,8.24559117,A,0.21,65.55
109.0853273,27.2010161,F,0.89,16.88
36.41484259,5.70483183,F,-0.06,25.02
33.67813312,4.31622033,F,1.21,9.5
348.31885909,-17.26943944,F,1.88,6.87
34.20939867,4.57780901,K,-0.6808563273073253,0.22362696511302643
82.25228502,23.42646702,F,1.56,6.82
12.1753021,-6.69720158,A,0.9189775051124738,13.275911018388857
359.96526948,-12.47682148,K,-0.6808563273073253,0.22362696511302643
58.49843525,15.79706121,K,-1.73,75.02
43.41858623,9.12193909,B,-0.1975961538461539,24693.029699168907
28.74220637,1.76553239,K,-0.6808563273073253,0.22362696511302643
351.7977956,-15.93562083,K,-0.6808563273073253,0.22362696511302643
66.49275993,18.78646098,K,-3.49,219.96
64.40044326,18.0401278,K,-0.24,17.6
36.07217748,5.49440333,G,-1.27,39.74
44.74353746,9.74025195,K,-0.6808563273073253,0.22362696511302643
20.36683198,-2.57150142,F,1.31,9.17
92.27493638,25.43010885,A,0.38,83.24
105.32176271,26.9738663,M,-1.2799270072992703,0.021972455607761267
324.36411698,-24.32531998,G,1.5541858141858127,1.4605227901814972
74.93621974,21.47468655,F,2.17,4.91
76.82255037,22.00803374,A,1.65,13.94
32.10146465,3.46353301,A,0.9189775051124738,13.275911018388857
320.20309586,-25.13019962,F,2.24,4.52
31.07720558,2.93734384,A,-0.51,112.33
32.89873644,3.86380696,K,-0.6808563273073253,0.22362696511302643
345.31935271,-18.40306614,F,2.22,4.52
334.89950446,-21.7407492,G,1.5541858141858127,1.4605227901814972
63.45935183,17.66981069,K,5.09,0.08
352.31621425,-15.75871615,A,1.45,21.07
50.88943922,12.52818099,A,0.9189775051124738,13.275911018388857
80.95657096,23.0763273,K,-2.94,130.35
354.67169436,-14.80223167,G,1.5541858141858127,1.4605227901814972
21.82867567,-1.86130867,G,1.5541858141858127,1.4605227901814972
24.8421101,-0.30846333,G,2.59,1.98
117.99750317,27.30461839,A,1.55,11.31
0.26725087,-12.39984396,B,-0.1975961538461539,24693.029699168907
89.27763834,24.88050023,K,-0.6808563273073253,0.22362696511302643
353.6050177,-15.25175056,F,1.29,11.41
27.09504998,0.84201655,F,2.23,4.41
36.63511403,5.7024383,B,-0.77,215.04
48.04948865,11.21124674,K,-0.6808563273073253,0.22362696511302643
21.28302745,-2.17581428,F,1.7449286314021815,2.6843617841590257
10.49882018,-7.62120334,F,2.62,2.02
25.33780878,-0.09209392,F,1.7449286314021815,2.6843617841590257
16.04559846,-4.86122755,F,-2.55,163.17
13.9218235,-5.93296291,K,-2.51,93.16
322.80324576,-24.66544472,M,-1.2799270072992703,0.021972455607761267
63.87480485,17.76934281,K,-1.29,37.06
12.31061097,-6.74587326,A,0.3,38.32
73.84163575,21.09033471,K,-0.27,18.59
19.40830696,-3.16599951,G,-1.82,67.87
49.65402099,11.91105502,K,-0.6808563273073253,0.22362696511302643
60.45236738,16.46265817,A,0.9189775051124738,13.275911018388857
31.04854288,2.82584876,B,-0.1975961538461539,24693.029699168907
23.43095803,-1.10351972,A,0.9189775051124738,13.275911018388857
348.88356596,-17.15193641,F,1.93,5.19
29.08745829,1.81540264,K,-1.52,47.16
60.20544939,16.36284137,G,1.5541858141858127,1.4605227901814972
51.72364355,12.82672702,F,1.7449286314021815,2.6843617841590257
29.7776435,2.16544807,A,0.9189775051124738,13.275911018388857
66.18384244,18.58126752,A,0.9189775051124738,13.275911018388857
25.34575976,-0.12425727,K,3.63,0.63
57.63000944,15.32330616,A,0.9189775051124738,13.275911018388857
38.55982369,6.60980855,B,-0.1975961538461539,24693.029699168907
75.63812992,21.59864568,K,-0.6808563273073253,0.22362696511302643
71.41486327,20.32181851,K,4.04,0.39
4.60933056,-10.49226452,F,1.7449286314021815,2.6843617841590257
23.96407592,-0.85832027,G,1.5541858141858127,1.4605227901814972
3.24972757,-11.1250342,F,1.7449286314021815,2.6843617841590257
27.02683869,0.72245878,A,0.9189775051124738,13.275911018388857
18.95106356,-3.44134597,B,-1.08,120.62
357.45550166,-13.70940461,G,1.5541858141858127,1.4605227901814972
87.84572879,24.55481082,G,3.58,0.67
317.59289226,-25.59946453,K,-0.6808563273073253,0.22362696511302643
68.4112827,19.32324057,M,-1.2799270072992703,0.021972455607761267
61.48329152,16.82237619,K,-0.6808563273073253,0.22362696511302643
46.31331069,10.30824501,F,2.11,6.37
348.8656621,-17.20217713,K,-0.6808563273073253,0.22362696511302643
45.07759148,9.72512523,A,1.5,15.35
342.88971562,-19.34043954,A,0.9189775051124738,13.275911018388857
86.59558828,24.28208763,K,-0.6808563273073253,0.22362696511302643
8.70577709,-8.59954112,B,-0.1975961538461539,24693.029699168907
57.93727745,15.38409651,G,3.79,0.57
51.90115106,12.82419104,K,-1.03,29.83
349.93990488,-16.81432203,G,0.99,10.57
30.44382581,2.41044719,F,0.73,15.8
83.02510802,23.47509938,F,1.7449286314021815,5.83
2.04879507,-11.73733948,F,1.7449286314021815,4.67
57.34791492,15.12838098,G,1.5541858141858127,1.4605227901814972
88.75114541,24.70118296,K,-0.6808563273073253,0.22362696511302643
39.34963797,6.9043648,K,-0.6808563273073253,0.22362696511302643
44.38001853,9.34857431,F,1.7449286314021815,11.4
90.65570781,25.05386837,F,2.95,1.76
57.72734337,15.27359847,F,1.7449286314021815,2.6843617841590257
28.60198198,1.44020764,F,1.72,5.13
97.33045052,26.09107562,G,2.49,2.21
93.3908074,25.51440496,K,-2.46,128.29
90.32532622,24.98858334,F,0.57,21.22
84.68040972,23.84215252,K,-3.16,144.73
64.85529602,18.01019915,A,0.9189775051124738,12.0
105.65911868,26.93963384,A,1.86,10.07
54.47917162,13.90234303,F,0.13,31.97
10.82682909,-7.61558417,K,-0.6808563273073253,0.22362696511302643
28.20900106,1.222763,F,1.7449286314021815,2.6843617841590257
342.71281394,-19.44386929,K,3.82,0.28
10.47031437,-7.80790103,B,-0.13,115.0
346.77788268,-18.03588872,K,-3.57,276.61
84.47278163,23.77757019,F,1.47,7.7
45.04504139,9.60595404,A,0.82,39.57
338.04780704,-20.94562478,G,2.01,3.4
50.15172585,11.96721318,G,3.66,0.73
346.06348449,-18.30512821,A,1.82,7.49
354.68950912,-14.98593925,G,1.5541858141858127,1.4605227901814972
46.3837447,10.22646149,G,0.81,11.71
16.95170713,-4.6048038,A,0.84,11.76
26.14378235,0.1049995,F,1.15,9.79
346.15499388,-18.28272211,G,1.5541858141858127,1.4605227901814972
59.43324693,15.89312698,M,-1.2799270072992703,0.021972455607761267
35.80975641,5.04808221,K,-1.69,54.56
37.47826831,5.88311046,M,-1.2799270072992703,0.021972455607761267
339.28031426,-20.58350357,G,1.5541858141858127,1.4605227901814972
53.919362,13.59916751,F,2.31,3.96
47.62394359,10.78386749,M,-1.2799270072992703,0.021972455607761267
60.11523437,16.15594618,A,0.9189775051124738,13.275911018388857
4.53704704,-10.68288008,F,0.7,17.05
324.68581404,-24.35638057,K,-0.6808563273073253,0.22362696511302643
47.17141544,10.56863871,K,-0.6808563273073253,0.22362696511302643
344.16220099,-18.99247111,G,1.5541858141858127,1.4605227901814972
20.26338632,-2.94636657,A,0.9189775051124738,13.275911018388857
99.29256024,26.30482455,K,1.06,12.39
18.59296935,-3.80644345,M,6.3,0.01
20.76700376,-2.69765656,A,0.46,21.81
3.44735265,-11.21300204,F,1.7449286314021815,2.6843617841590257
331.93815284,-22.68839683,F,1.7449286314021815,2.6843617841590257
307.73378694,-26.81071735,G,2.63,2.12
56.9686508,14.85227602,F,1.7449286314021815,2.6843617841590257
81.42493216,23.00656849,A,0.9189775051124738,94.73
36.26705498,5.21781355,G,-1.92,65.99
12.72550881,-6.79647515,G,3.64,0.76
317.91141747,-25.59539875,F,2.65,2.65
37.10729527,5.63081038,A,-0.33,61.19
9.42222807,-8.4245807,G,1.5541858141858127,1.4605227901814972
355.6917318,-14.63967172,G,1.5541858141858127,1.4605227901814972
350.44507218,-16.74314223,G,1.5541858141858127,1.4605227901814972
61.17227242,16.50479962,K,-0.6808563273073253,0.22362696511302643
342.57398471,-19.57294878,K,-1.52,47.47
10.81604018,-7.77275724,F,1.7449286314021815,2.6843617841590257
40.3545141,7.21103206,A,0.9189775051124738,13.275911018388857
18.13454741,-4.12047855,M,-5.09,0.021972455607761267
345.49615131,-18.58852485,K,-0.6808563273073253,0.22362696511302643
103.80398116,26.74513257,K,-1.69,62.97
41.41400281,7.71123318,A,0.9189775051124738,13.275911018388857
30.54814808,2.23721728,B,-0.1975961538461539,24693.029699168907
97.76315177,26.07444741,G,3.28,0.98
324.08610112,-24.51653551,K,-2.86,161.28
344.22161954,-19.04547616,K,-0.6808563273073253,0.22362696511302643
330.39698362,-23.1166661,K,-2.23,82.63
338.35540932,-20.94308261,G,1.5541858141858127,1.4605227901814972
47.85393032,10.75345418,K,-1.21,34.79
29.80079378,1.82528211,K,-3.7,255.3
6.28389835,-9.99538804,B,-0.1975961538461539,24693.029699168907
347.61845897,-17.85684101,A,0.04,47.32
50.09811155,11.77043158,B,-0.1975961538461539,24693.029699168907
353.76880784,-15.49647038,F,1.7449286314021815,2.6843617841590257
336.36572148,-21.53923276,G,-1.65,62.94
355.34711798,-14.85457508,K,-0.6808563273073253,0.22362696511302643
0.75813585,-12.53818856,B,-0.08,90.07
93.69324064,25.46066102,A,1.87,8.89
50.509331,11.93758123,B,-0.1975961538461539,24693.029699168907
89.07507622,24.63584686,K,-4.73,725.75
358.82958714,-13.38966379,F,1.25,9.23
357.44373385,-13.98508963,K,1.44,3.91
79.26658335,22.37115899,K,-0.6808563273073253,0.22362696511302643
58.60264447,15.38522239,K,-0.6808563273073253,0.22362696511302643
357.15640536,-14.12429925,G,1.5541858141858127,1.4605227901814972
2.75097471,-11.67247699,G,1.5541858141858127,1.4605227901814972
45.66138663,9.67006383,G,1.5541858141858127,1.06
19.24290231,-3.66315557,A,0.9189775051124738,13.275911018388857
4.34074396,-10.95028005,F,1.7449286314021815,2.6843617841590257
20.66932465,-2.93665976,A,0.9189775051124738,13.275911018388857
353.90251222,-15.48299114,B,-0.1975961538461539,24693.029699168907
345.35002236,-18.70743434,F,1.7449286314021815,2.6843617841590257
74.240172,20.92242519,K,1.72,9.85
349.74422112,-17.11182022,K,-0.6808563273073253,0.22362696511302643
64.81888008,17.76845795,K,-0.6808563273073253,0.22362696511302643
14.92890438,-5.8565213,G,0.12,6.59
11.9646529,-7.33095013,B,-0.1975961538461539,24693.029699168907
1.8673303,-12.09094132,A,0.54,39.66
59.2336402,15.60914724,M,5.15,0.03
66.37984393,18.31836927,K,-0.6808563273073253,0.22362696511302643
69.77439812,19.48865431,B,-0.83,275.73
55.83071556,14.19825602,F,1.7449286314021815,2.6843617841590257
48.36856064,10.89532577,B,-0.1975961538461539,24693.029699168907
352.23448704,-16.17175261,M,-5.61,0.021972455607761267
25.10094419,-0.69896095,G,1.5541858141858127,1.4605227901814972
55.16679611,13.91161683,A,0.9189775051124738,13.275911018388857
62.83017039,17.00032056,A,0.9189775051124738,13.275911018388857
115.79440527,27.27521754,G,1.5541858141858127,1.4605227901814972
36.28371904,5.02187488,F,-3.14,319.92
42.22574075,7.96635364,K,-0.6808563273073253,0.22362696511302643
55.4597539,14.02646214,F,1.88,4.18
25.04827954,-0.74658063,O,-1.0,80976.42962657007
39.40381946,6.56973971,K,-2.82,196.4
359.7381344,-13.07011249,K,-0.6808563273073253,0.22362696511302643
31.72147301,2.68482459,K,-0.6808563273073253,0.22362696511302643
359.10115701,-13.35120074,G,1.5541858141858127,1.4605227901814972
66.86070399,18.45667414,F,2.9,1.98
348.47894233,-17.62659576,B,-0.1975961538461539,24693.029699168907
96.04798863,25.77765806,K,-0.6808563273073253,0.22362696511302643
53.26820607,13.05465808,G,1.5541858141858127,1.4605227901814972
329.33343725,-23.43709026,A,0.9189775051124738,13.275911018388857
336.64592864,-21.52802942,K,-3.05,172.05
36.60942957,5.13346047,F,0.32,23.02
5.27504536,-10.60617141,B,-0.1975961538461539,24693.029699168907
8.78894306,-8.94960209,A,0.9189775051124738,13.275911018388857
336.20190099,-21.65674668,M,-1.2799270072992703,0.021972455607761267
340.89248652,-20.24713845,G,1.5541858141858127,1.4605227901814972
45.18286109,9.33656196,A,1.31,13.34
353.14226322,-15.8596137,F,1.7449286314021815,2.6843617841590257
54.36640684,13.50936107,G,1.5541858141858127,1.4605227901814972
30.46064137,1.99262427,A,1.14,15.55
49.766839,11.46475191,B,-0.1975961538461539,24693.029699168907
38.18997222,5.91046682,G,-1.62,79.13
8.79171101,-8.96415265,K,-0.6808563273073253,0.22362696511302643
81.31473147,22.81630888,A,0.05,138.51
87.72017029,24.28803812,F,1.7449286314021815,2.6843617841590257
13.71432799,-6.56914143,A,1.75,9.56
82.50113528,23.10470918,A,1.77,18.3
80.16589047,22.51143098,G,1.77,4.04
21.74135969,-2.52483055,G,1.45,5.85
44.35272969,8.89270393,A,0.9189775051124738,13.275911018388857
24.69947242,-1.02265627,K,-4.48,396.94
59.93199398,15.77321355,K,-1.71,79.64
330.5670725,-23.1702449,A,1.42,15.68
32.78537206,3.11837769,F,1.39,8.74
38.57682379,6.04498686,K,-0.6808563273073253,0.22362696511302643
34.63054639,4.05398995,A,0.9189775051124738,13.275911018388857
54.10381745,13.33235402,G,0.05,14.84
357.69205739,-14.04521486,F,1.71,5.41
71.96790739,20.09728987,G,1.5541858141858127,1.4605227901814972
46.50570008,9.8886955,K,-0.6808563273073253,0.22362696511302643
56.36741402,14.29389536,K,-0.6808563273073253,0.22362696511302643
343.9693654,-19.29343666,G,1.5541858141858127,1.4605227901814972
46.56008636,9.90175929,A,2.16,5.38
3.54349059,-11.48333202,G,1.5541858141858127,1.4605227901814972
50.74680367,11.82736827,A,0.9189775051124738,13.275911018388857
353.4802824,-15.79612695,B,-0.1975961538461539,24693.029699168907
317.49196689,-25.73428339,G,1.5541858141858127,1.4605227901814972
11.40325909,-7.78104606,B,-0.1975961538461539,24693.029699168907
354.40459864,-15.4280853,K,-0.6808563273073253,0.22362696511302643
67.26666723,18.49498012,A,0.15,45.99
333.29112367,-22.50861795,B,-0.1975961538461539,24693.029699168907
63.39875764,17.067018,K,-0.6808563273073253,0.22362696511302643
40.34083093,6.86143268,F,3.1,1.42
1.32316221,-12.5152845,F,1.7449286314021815,2.6843617841590257
22.35405348,-2.30929078,M,-1.2799270072992703,0.021972455607761267
359.91726266,-13.13483054,K,-0.6808563273073253,0.22362696511302643
42.47559512,7.90083235,A,-1.28,125.35
49.48027934,11.20977879,A,0.9189775051124738,13.275911018388857
48.14561221,10.5934968,A,0.9189775051124738,13.275911018388857
40.3494074,6.84781194,F,1.22,12.78
62.69376177,16.78093558,F,2.53,3.05
341.89816575,-20.00882382,F,1.7449286314021815,2.6843617841590257
336.76039426,-21.57018983,G,1.5541858141858127,1.4605227901814972
355.58358918,-14.98070035,B,-0.1975961538461539,24693.029699168907
23.53886878,-1.71752979,B,-0.1975961538461539,24693.029699168907
55.47295865,13.85251197,B,0.89,39.37
43.6751124,8.4680656,G,2.68,2.56
327.61920578,-23.88572146,K,-0.6808563273073253,0.22362696511302643
39.60542549,6.47220033,A,0.9189775051124738,13.275911018388857
352.14483436,-16.3680623,F,0.79,16.3
359.04567438,-13.53513748,F,1.7449286314021815,2.6843617841590257
70.44308015,19.54000489,F,2.1,4.64
343.43572601,-19.51551321,A,1.37,14.55
347.9879843,-17.93390144,K,-0.6808563273073253,0.22362696511302643
349.81378525,-17.27391081,F,1.7449286314021815,2.6843617841590257
60.73426664,15.98504873,A,0.52,24.79
34.08008232,3.65126954,F,1.82,6.84
16.54495334,-5.33036849,K,4.38,0.21
347.05305587,-18.29564503,G,3.59,0.75
1.7352682,-12.39690095,G,1.5541858141858127,1.4605227901814972
1.16083919,-12.65575465,K,-3.28,172.73
79.90689952,22.33360052,F,1.7449286314021815,2.6843617841590257
41.53223339,7.3346379,B,-0.1975961538461539,24693.029699168907
29.30791896,1.15667151,K,3.69,0.57
351.3603532,-16.72978065,F,0.32,18.97
348.57890949,-17.77641074,A,1.51,18.34
71.88503731,19.94828019,F,0.3,25.51
24.62068533,-1.26866543,B,-0.1975961538461539,24693.029699168907
352.01266046,-16.48911503,F,1.7449286314021815,2.6843617841590257
356.24646524,-14.7937895,K,-0.6808563273073253,0.22362696511302643
39.58080103,6.35191264,F,-0.24,48.94
351.23387522,-16.79242759,F,1.7449286314021815,2.6843617841590257
343.09709077,-19.68865101,K,-0.6808563273073253,0.22362696511302643
19.85013825,-3.7230979,K,-1.13,15.44
27.71740365,0.31271961,K,-0.6808563273073253,0.22362696511302643
23.96397195,-1.62199437,B,-0.1975961538461539,24693.029699168907
339.53348516,-20.82378701,K,-0.84,27.47
344.59199717,-19.20218357,G,1.5541858141858127,1.4605227901814972
13.43436505,-6.96451268,G,2.79,1.96
0.16412411,-13.15735355,G,1.5541858141858127,1.4605227901814972
49.28528,10.97287832,K,-0.6808563273073253,0.22362696511302643
60.6654531,15.86132378,K,4.36,0.23
92.59669733,25.0895919,K,-1.17,52.91
0.0164833,-13.23486154,A,0.9189775051124738,13.275911018388857
19.82935575,-3.77950019,M,5.48,0.04
54.30427064,13.19356643,A,0.14,33.79
70.85266389,19.55966831,A,1.26,28.06
84.2295331,23.35683359,F,2.8,2.35
4.29026617,-11.34694807,K,-0.6808563273073253,0.22362696511302643
26.31931973,-0.46896831,G,1.5541858141858127,1.4605227901814972
56.74001677,14.22744187,G,3.66,0.75
73.22493009,20.31332105,F,0.14,38.18
357.63065808,-14.28086375,K,-0.6808563273073253,0.22362696511302643
71.29574336,19.68761927,K,-0.6808563273073253,0.22362696511302643
356.96535651,-14.56615473,F,1.39,10.09
310.8707178,-26.58499938,K,-1.68,51.0
24.49478508,-1.43247744,B,-0.1975961538461539,24693.029699168907
7.78496144,-9.75022036,F,1.67,5.8
42.70593606,7.79045712,G,-2.05,70.52
18.61782867,-4.4451656,B,-0.1975961538461539,24693.029699168907
25.72828355,-0.81767566,B,-0.1975961538461539,24693.029699168907
21.96416067,-2.75134309,B,-0.1975961538461539,24693.029699168907
338.7490922,-21.10858439,K,4.58,0.13
79.83205465,22.2173802,K,-0.32,19.19
33.5744271,3.19978838,F,1.7449286314021815,2.6843617841590257
353.33448786,-16.06292435,A,0.18,49.94
28.37159562,0.52604786,K,-0.6808563273073253,0.22362696511302643
354.03461986,-15.78919864,F,1.52,7.27
335.21905676,-22.11979518,G,1.5541858141858127,1.4605227901814972
58.00863833,14.70020429,F,1.7449286314021815,2.6843617841590257
59.50351817,15.31233763,F,1.7449286314021815,2.6843617841590257
59.5075265,15.31307409,G,1.5541858141858127,1.4605227901814972
65.46626814,17.61864,K,-0.6808563273073253,0.22362696511302643
331.85574477,-22.99296863,K,4.27,0.29
358.91950417,-13.78250892,K,-0.6808563273073253,0.22362696511302643
5.8902085,-10.6841932,B,-0.1975961538461539,24693.029699168907
350.35714438,-17.22611986,K,-0.6808563273073253,0.22362696511302643
57.25686897,14.37377992,A,2.37,8.55
3.47260567,-11.79340487,G,1.5541858141858127,1.4605227901814972
335.09575587,-22.16197414,M,4.63,0.1
35.84670231,4.31961708,F,2.88,1.97
0.73734133,-13.01170299,A,0.9189775051124738,13.275911018388857
345.21296361,-19.0738749,G,-1.05,42.35
322.59523346,-24.97717155,F,1.88,4.28
38.84766233,5.82252208,F,1.84,4.65
6.69763128,-10.3327999,K,-0.6808563273073253,0.22362696511302643
333.45514641,-22.60485838,K,-0.6808563273073253,0.22362696511302643
10.38634596,-8.5876131,A,0.9189775051124738,13.275911018388857
39.5009252,6.13320018,K,-0.6808563273073253,0.22362696511302643
352.9340504,-16.26306568,A,0.9189775051124738,13.275911018388857
32.29491424,2.48081273,K,-0.6808563273073253,0.22362696511302643
106.43061865,26.8014724,F,1.93,6.51
22.54370586,-2.53069742,F,1.7449286314021815,2.6843617841590257
69.44581458,18.99388096,G,2.36,2.8
42.76720685,7.72638881,K,-1.88,82.93
81.80338681,22.68329483,A,0.9189775051124738,13.275911018388857
43.44016198,8.04506802,A,1.68,12.04
347.57871199,-18.27792067,K,-1.81,60.61
70.36181999,19.28516377,A,0.9189775051124738,13.275911018388857
74.82624594,20.71688038,A,0.9189775051124738,13.275911018388857
29.03207162,0.7695189,K,-2.67,155.75
72.52946022,19.99224569,F,1.17,12.47
15.77089076,-5.9987897,K,-0.17,12.17
32.63474643,2.60953589,K,6.25,0.03
9.43622983,-9.09393246,K,-0.6808563273073253,0.22362696511302643
74.92893728,20.73186517,A,2.15,6.75
63.20151365,16.68045801,B,0.34,224.01
41.32482165,6.96501733,F,1.7449286314021815,2.6843617841590257
91.31455981,24.76871448,K,-2.76,121.1
69.70147738,19.0359062,F,1.49,9.14
60.81022197,15.74039564,B,-0.97,291.12
25.35394799,-1.15866076,K,-0.6808563273073253,0.22362696511302643
18.85194868,-4.47957835,F,1.7449286314021815,2.6843617841590257
100.02261714,26.1281387,K,-0.6808563273073253,0.22362696511302643
333.54285924,-22.62212898,K,-0.6808563273073253,0.22362696511302643
80.284806,22.24703685,A,0.9189775051124738,13.275911018388857
3.76796188,-11.76650362,K,-0.6808563273073253,0.22362696511302643
7.20616491,-10.19099454,B,-0.1975961538461539,24693.029699168907
332.66930881,-22.85269455,G,1.5541858141858127,1.4605227901814972
8.26230714,-9.7025477,G,2.32,2.27
42.82280928,7.65756464,A,0.68,38.18
10.03647607,-8.86375275,F,1.43,9.33
69.01524128,18.76630131,G,1.25,4.24
336.1500164,-21.94252759,G,1.5541858141858127,1.4605227901814972
10.51277792,-8.64090527,A,1.7,10.63
355.77226762,-15.21931983,G,1.27,6.19
92.84898479,25.02568352,K,-0.6808563273073253,0.22362696511302643
340.38280422,-20.71718723,M,-1.2799270072992703,0.021972455607761267
342.57061664,-20.03323835,K,-0.6808563273073253,0.22362696511302643
326.03988315,-24.36366825,K,-0.6808563273073253,0.22362696511302643
33.8021666,3.12476581,B,-0.1975961538461539,24693.029699168907
6.40828779,-10.58902877,G,1.5541858141858127,1.4605227901814972
28.1915098,0.234501,G,1.5541858141858127,1.4605227901814972
14.80356621,-6.57418924,A,0.9189775051124738,13.275911018388857
61.03984096,15.7631167,M,6.43,0.01
0.71596292,-13.17745959,G,3.58,0.74
331.05001965,-23.27586559,G,3.55,0.84
76.07183715,20.99903326,K,-0.6808563273073253,0.22362696511302643
58.30522134,14.62906355,M,-1.2799270072992703,0.021972455607761267
42.40345228,7.38291996,G,2.59,2.18
35.46512022,3.91218059,B,0.7,38.07
28.05086266,0.10825809,F,1.7449286314021815,2.6843617841590257
63.86664694,16.83173085,B,-0.1975961538461539,24693.029699168907
78.5041031,21.69317122,K,-0.87,27.64
326.04022201,-24.38850847,A,0.9189775051124738,13.275911018388857
351.32822261,-17.02259121,G,3.56,0.97
330.86815774,-23.331911,K,-0.6808563273073253,0.22362696511302643
63.87020704,16.82567378,B,-0.1975961538461539,24693.029699168907
2.68967217,-12.33993975,B,-0.1975961538461539,24693.029699168907
16.70914012,-5.68124154,K,-0.6808563273073253,0.22362696511302643
353.65411127,-16.12866222,G,-1.6,57.47
26.60290536,-0.64873963,K,-0.6808563273073253,0.22362696511302643
75.46909818,20.79937985,K,-1.5,48.96
1.12839619,-13.03240489,F,1.7449286314021815,2.6843617841590257
121.02531248,27.1833747,K,4.31,0.2
8.31789822,-9.77986338,G,1.5541858141858127,2.78
11.04244617,-8.48245517,K,-0.6808563273073253,0.22362696511302643
312.08620587,-26.50286649,B,0.47,135.13
17.75735394,-5.18474642,B,-0.1975961538461539,24693.029699168907
23.83306693,-2.09805637,F,-0.01,42.21
44.84701816,8.51606368,F,2.48,2.46
25.3625324,-1.32029535,M,-1.2799270072992703,0.021972455607761267
65.64043491,17.45493588,B,0.47,94.81
63.70001741,16.72154542,K,-0.6808563273073253,0.22362696511302643
352.02362399,-16.7947953,G,-0.76,28.1
347.96110507,-18.29650858,F,0.79,13.14
330.72218894,-23.39003089,A,-0.67,100.32
57.54401348,14.23403319,A,0.79,53.18
85.02229115,23.336904,K,-0.6808563273073253,16.29
13.76318226,-7.20775872,A,0.9189775051124738,13.275911018388857
354.93360474,-15.67463542,F,1.7449286314021815,2.6843617841590257
73.31303558,20.07618488,G,1.94,4.07
22.0218215,-3.08029781,B,-0.1975961538461539,24693.029699168907
333.16159119,-22.80980788,G,1.5541858141858127,1.4605227901814972
347.29499903,-18.55245663,G,3.12,1.09
30.75000036,1.39274335,B,1.22,27.95
324.68797391,-24.68368915,B,0.26,86.99
351.41722813,-17.0546392,F,1.7449286314021815,2.6843617841590257
0.10919401,-13.54574836,K,-0.6808563273073253,0.22362696511302643
357.15474504,-14.7992356,F,1.7449286314021815,2.6843617841590257
21.32603347,-3.4584822,A,0.9189775051124738,13.275911018388857
352.09347902,-16.81110796,A,0.9189775051124738,13.275911018388857
8.05379436,-9.98852887,G,1.5541858141858127,1.4605227901814972
25.6315934,-1.26686369,K,-0.55,26.14
45.58029092,8.77769916,A,1.8,15.6
4.73815202,-11.5270849,F,1.7449286314021815,2.6843617841590257
339.81869985,-20.99873422,F,2.24,3.46
84.93927439,23.28525264,A,0.08,134.83
316.39701851,-26.02240245,F,2.09,3.75
345.8182285,-19.08804887,F,1.7449286314021815,2.6843617841590257
18.09885306,-5.11764245,G,-1.28,42.49
5.41744488,-11.23289589,K,-0.6808563273073253,0.22362696511302643
325.67724956,-24.50935732,G,-0.84,29.19
5.34895408,-11.27342914,G,1.5541858141858127,1.4605227901814972
341.76150051,-20.42181229,K,-0.6808563273073253,0.22362696511302643
322.33422028,-25.13025695,G,1.5541858141858127,1.4605227901814972
45.26906655,8.59367216,A,0.36,70.11
101.18871472,26.18199329,A,0.9189775051124738,13.275911018388857
37.01799154,4.51363138,F,2.6,2.86
347.56714304,-18.50715668,G,1.5541858141858127,1.4605227901814972
89.28444382,24.22663354,M,6.67,0.01
107.08703552,26.7682594,G,1.5541858141858127,1.4605227901814972
50.62252664,11.09073025,G,1.5541858141858127,1.4605227901814972
341.26114052,-20.58972471,G,1.5541858141858127,1.4605227901814972
89.28069111,24.22522094,M,7.31,0.0
87.40778998,23.82342481,G,2.29,2.66
76.68486045,21.0449605,A,1.9,7.88
57.75442535,14.21083894,B,0.23,94.56
356.22351185,-15.24956813,B,-0.1975961538461539,24693.029699168907
44.35948534,8.11383759,K,-0.6808563273073253,0.22362696511302643
44.12751182,7.99999305,A,0.62,33.37
88.36478227,24.01868615,G,3.59,0.51
14.7431497,-6.85572855,M,-7.92,919.27
73.99873059,20.20698424,G,-0.63,27.84
74.00621241,20.20827608,F,1.7449286314021815,2.6843617841590257
84.85817213,23.22119833,K,-1.1,42.1
26.78609997,-0.7723358,G,1.5541858141858127,1.4605227901814972
344.56228859,-19.56420708,K,4.07,0.4
23.07640385,-2.68119109,B,-0.1975961538461539,24693.029699168907
59.19592978,14.77526627,M,-1.2799270072992703,0.021972455607761267
60.46254758,15.29152551,B,1.38,45.41
2.40969741,-12.6632391,F,1.7449286314021815,2.6843617841590257
323.48354984,-24.9512736,K,-2.74,155.21
61.30429504,15.62731106,K,-0.6808563273073253,0.22362696511302643
316.23125743,-26.06542108,F,-0.31,39.3
23.81707664,-2.32407348,K,-0.6808563273073253,0.22362696511302643
343.30862021,-19.98817696,A,0.9189775051124738,13.275911018388857
48.25929291,9.92277223,B,-0.1975961538461539,24693.029699168907
55.1046009,13.02257465,A,0.9189775051124738,13.275911018388857
46.94676049,9.30276791,F,1.75,5.72
38.85940815,5.34875975,G,3.94,0.57
328.54369774,-23.95600451,F,1.7449286314021815,2.6843617841590257
38.47674903,5.15479489,A,1.4,16.76
6.66394853,-10.77206338,F,1.7449286314021815,2.6843617841590257
349.84011533,-17.76090564,G,3.56,0.81
15.78236606,-6.40623821,K,-0.6808563273073253,0.22362696511302643
354.88610856,-15.84382206,F,1.7449286314021815,2.6843617841590257
338.19401723,-21.55000258,G,3.0,1.34
53.94907178,12.49537,A,2.38,9.3
340.7376191,-20.80413656,A,0.9189775051124738,13.275911018388857
101.44142039,26.17784853,K,-2.83,174.97
99.85044904,25.97643431,G,2.26,3.46
323.63674108,-24.93539978,M,-1.2799270072992703,0.021972455607761267
67.48780615,17.94245924,A,0.9189775051124738,13.275911018388857
78.90023383,21.62044468,K,-3.09,173.71
49.55026009,10.48409054,B,1.67,19.4
47.71939559,9.62329084,F,1.7449286314021815,2.6843617841590257
40.08138105,5.91211654,G,3.12,1.37
79.81536133,21.87027562,K,-0.6808563273073253,0.22362696511302643
68.40808527,18.2602187,K,-5.04,1230.7
40.92442433,6.32645282,K,-1.97,61.08
30.53921183,1.05952104,B,-0.1975961538461539,24693.029699168907
87.37481068,23.75045248,F,1.61,5.9
47.74418582,9.62093394,A,0.6,40.33
40.19741459,5.95301572,F,2.74,2.34
11.9563075,-8.32376685,B,-0.1975961538461539,24693.029699168907
356.88867809,-15.07888336,F,1.05,13.27
64.739673,16.89363316,A,0.9189775051124738,13.275911018388857
64.74288521,16.89426463,A,0.9189775051124738,13.275911018388857
348.65402159,-18.23044697,F,1.7449286314021815,2.6843617841590257
46.56670906,9.04525937,B,-0.1975961538461539,24693.029699168907
342.9278238,-20.1587648,A,0.9189775051124738,13.275911018388857
53.2619493,12.13196955,K,-0.6808563273073253,0.22362696511302643
52.93669454,11.98565518,G,-1.6,41.83
98.49470727,25.7681713,K,-0.6808563273073253,0.22362696511302643
339.98059478,-21.0685151,F,2.32,3.02
35.39465231,3.50233933,A,0.8,24.92
17.04961517,-5.85195632,A,0.9189775051124738,13.275911018388857
348.77846696,-18.20201331,F,2.02,5.81
76.85042989,20.98316731,K,0.19,11.61
43.28163214,7.43292868,K,-0.6808563273073253,0.22362696511302643
83.22288383,22.73730642,A,-1.37,214.45
348.62251559,-18.26513476,F,2.39,3.36
24.66591966,-2.01781172,G,-3.82,403.19
1.35350859,-13.23654822,F,1.7449286314021815,2.6843617841590257
21.93706954,-3.41239915,M,-1.2799270072992703,0.021972455607761267
54.8445444,12.799406,F,2.77,2.7
13.33111437,-7.71154659,K,-0.6808563273073253,0.22362696511302643
34.80269584,3.17004877,K,0.68,7.01
24.58862757,-2.07099799,G,1.5541858141858127,1.4605227901814972
65.74193677,17.21932017,G,-1.9,94.14
25.90871781,-1.40853525,K,-0.6808563273073253,0.22362696511302643
330.85476096,-23.49694743,K,-1.68,68.73
30.6532364,1.02711425,M,-4.85,0.021972455607761267
54.43496332,12.59345239,F,1.7449286314021815,2.6843617841590257
349.94747897,-17.81431274,G,3.83,0.62
10.08250929,-9.30477411,F,1.7449286314021815,2.6843617841590257
53.35739463,12.10536712,K,-0.6808563273073253,0.22362696511302643
345.65235762,-19.31987892,G,3.43,0.88
57.64767926,13.96832283,K,-0.6808563273073253,0.22362696511302643
355.54691027,-15.69099936,K,4.42,0.19
59.82404326,14.87267925,A,0.9189775051124738,13.275911018388857
11.75873875,-8.51514578,F,2.21,3.05
16.3946118,-6.25026046,A,1.77,9.47
2.71443212,-12.68902409,K,-0.6808563273073253,0.22362696511302643
25.17355845,-1.81472808,F,1.7449286314021815,2.6843617841590257
61.04483067,15.36475953,K,-0.6808563273073253,0.6
59.82896633,14.8687065,A,0.9189775051124738,13.275911018388857
37.17425209,4.31640295,K,-0.6808563273073253,0.22362696511302643
18.44072144,-5.24187576,M,-1.2799270072992703,0.021972455607761267
41.41797122,6.43844694,A,0.9189775051124738,13.275911018388857
340.52074037,-20.95891018,G,2.68,1.92
354.84001742,-15.98834803,B,-0.1975961538461539,24693.029699168907
357.21245296,-15.03660105,A,0.87,31.25
116.7989733,27.1769999,F,2.98,1.67
37.88902567,4.66134051,B,-0.1975961538461539,24693.029699168907
49.9328715,10.50878544,A,0.9189775051124738,13.275911018388857
53.88289961,12.29473554,B,-0.1975961538461539,24693.029699168907
26.00093829,-1.42647233,F,0.78,14.04
39.77338526,5.59495212,F,0.44,16.97
41.82157165,6.61119713,K,-4.6,0.22362696511302643
61.29077539,15.43301063,F,1.27,11.26
16.95372941,-6.01155621,A,1.1,14.84
43.89696443,7.62094968,F,1.73,5.47
31.87177236,1.5763978,A,0.9189775051124738,13.275911018388857
76.78528137,20.88682764,K,-3.47,263.14
339.37917564,-21.31744766,F,0.72,17.34
34.41138403,2.86451806,G,1.95,4.31
42.97389498,7.15750147,K,-1.46,46.77
63.79315441,16.40385254,A,-0.01,64.44
35.06244966,3.17996732,B,1.38,18.82
5.67730152,-11.43147611,K,4.24,0.4
325.92995929,-24.58220508,M,-1.2799270072992703,0.021972455607761267
48.89470125,9.96356815,K,-0.6808563273073253,0.22362696511302643
67.71186468,17.84192627,K,-5.65,0.22362696511302643
334.11860424,-22.76600231,A,1.6,10.09
56.05782306,13.18280437,K,-0.6808563273073253,0.22362696511302643
358.76736881,-14.47078229,K,-1.03,40.64
92.93483848,24.77871174,A,1.16,21.23
14.84220513,-7.13031044,F,0.64,16.66
42.13717993,6.68631082,B,-0.1975961538461539,24693.029699168907
75.27382693,20.37848962,K,3.95,0.48
107.21828541,26.69603089,M,4.62,0.15
336.70594907,-22.10077687,K,-2.25,83.35
36.49780597,3.85331879,F,1.72,6.76
36.42033416,3.81232412,A,0.9189775051124738,13.275911018388857
30.72480204,0.89801565,B,-0.1975961538461539,24693.029699168907
319.89458098,-25.62932318,G,-0.6,19.38
48.48803262,9.72822424,K,-0.6808563273073253,0.22362696511302643
55.92912438,13.09752611,G,1.5541858141858127,1.4605227901814972
90.85148618,24.35602191,G,-1.51,54.73
50.95293076,10.8545705,A,0.9189775051124738,13.275911018388857
52.36401671,11.49798961,K,-0.6808563273073253,0.22362696511302643
359.80252457,-14.07894809,B,-0.43,602.45
68.84850336,18.1978999,A,0.9189775051124738,27.85
32.60231823,1.82194707,F,1.7449286314021815,2.6843617841590257
91.80886196,24.5395361,F,-2.16,135.67
57.69923411,13.82954444,F,0.84,18.75
24.70090143,-2.23457435,B,-0.1975961538461539,24693.029699168907
29.91115882,0.43571126,K,-0.6808563273073253,0.22362696511302643
68.79484326,18.1704253,A,0.9189775051124738,27.58
74.05179999,19.94987784,F,1.7449286314021815,2.6843617841590257
348.87995232,-18.33614348,B,-0.1975961538461539,24693.029699168907
343.60330294,-20.11413801,G,1.5541858141858127,1.4605227901814972
1.86351104,-13.22742176,F,2.89,1.95
317.11499772,-26.02865735,G,1.5541858141858127,1.4605227901814972
25.35733428,-1.92627925,A,0.9189775051124738,13.275911018388857
57.17378567,13.57425832,G,0.89,11.88
86.31629727,23.34310708,F,1.82,5.81
90.10909602,24.17955344,K,-4.06,399.78
109.89162795,26.87627692,F,2.28,3.28
342.0332939,-20.61457402,B,0.22,72.9
351.16323328,-17.53364381,F,1.95,4.56
63.33242296,16.09627384,F,2.92,1.87
86.85200529,23.46404413,G,2.09,3.86
80.85358414,21.95048566,K,-0.6808563273073253,0.22362696511302643
112.89469279,27.04017049,K,-0.6808563273073253,0.22362696511302643
38.82887138,4.93369731,K,-0.6808563273073253,0.22362696511302643
58.72660833,14.21726077,A,0.9189775051124738,13.275911018388857
25.81998528,-1.71498274,B,-0.1975961538461539,24693.029699168907
353.1794438,-16.79059283,B,-0.1975961538461539,24693.029699168907
32.29501652,1.60186668,G,-0.86,26.41
73.00271854,19.57169865,K,3.54,0.73
94.91492803,25.08354487,K,-1.24,41.66
68.27684078,17.94126776,A,0.26,53.13
34.04459448,2.48156114,G,1.5541858141858127,1.4605227901814972
3.81191776,-12.41651092,G,1.5541858141858127,1.4605227901814972
13.3968876,-7.96327979,K,-0.6808563273073253,0.22362696511302643
46.1909158,8.52716597,F,1.96,6.05
354.29163105,-16.38077759,F,2.06,4.48
357.46843686,-15.12117511,F,2.14,5.06
53.50533588,11.92068284,F,2.05,5.06
358.6508631,-14.63757549,M,-1.2799270072992703,0.021972455607761267
26.34557597,-1.48059711,K,-0.6808563273073253,0.22362696511302643
22.71383328,-3.33613932,F,1.7449286314021815,2.6843617841590257
9.39220906,-9.88640333,F,1.24,6.77
49.15493639,9.92083624,B,-0.1975961538461539,24693.029699168907
336.45238325,-22.23843562,A,2.17,6.71
5.14056023,-11.84165158,K,-0.6808563273073253,0.22362696511302643
47.35144876,9.05795653,G,2.86,1.63
9.00509166,-10.08028214,F,2.74,2.03
326.64105973,-24.50846973,F,2.15,4.5
81.34108929,22.04518576,F,1.7449286314021815,2.6843617841590257
45.10814113,7.97250972,M,-1.2799270072992703,0.021972455607761267
66.85402821,17.38266621,K,-0.6808563273073253,34.97
344.39949012,-19.91852103,K,-0.6808563273073253,0.22362696511302643
66.84610828,17.37316495,F,1.57,9.61
9.73466414,-9.7600734,B,-0.62,135.07
34.0135543,2.40846356,B,-0.73,242.02
17.83175425,-5.83557183,B,-0.1975961538461539,24693.029699168907
55.95482797,12.96262468,B,-0.1975961538461539,24693.029699168907
1.97500137,-13.26955454,K,0.4,13.17
345.39202577,-19.60478702,A,0.9189775051124738,13.275911018388857
45.7864003,8.27507469,K,4.85,0.22362696511302643
113.0667182,27.03510968,K,-0.6808563273073253,0.22362696511302643
19.38827843,-5.06913961,B,-0.1975961538461539,24693.029699168907
86.6574459,23.36737004,F,1.7449286314021815,16.15
62.58668635,15.71412695,K,-0.6808563273073253,0.22362696511302643
84.35556934,22.80500511,G,-2.97,288.13
328.35260397,-24.18236683,B,-0.1975961538461539,24693.029699168907
31.85773316,1.27719315,B,-0.34,132.97
52.57876019,11.43373567,G,-1.62,56.56
355.9989204,-15.77167687,K,-5.11,1129.09
73.55325127,19.68119483,F,1.68,6.54
5.22943585,-11.86669169,G,3.92,0.62
355.94055716,-15.80208261,F,1.67,6.17
11.00783059,-9.20443794,G,1.5541858141858127,1.4605227901814972
71.84143936,19.10241593,K,-0.6808563273073253,0.22362696511302643
44.51490456,7.60904336,F,1.7449286314021815,2.6843617841590257
75.34822947,20.23752483,A,0.9189775051124738,35.09
64.35368118,16.37202923,B,-0.28,127.67
12.72797495,-8.39700856,F,2.37,2.77
27.30795083,-1.09442459,G,2.48,1.98
22.00376119,-3.80345606,B,-0.72,93.97
11.36755552,-9.05113431,G,3.07,1.46
38.15101839,4.42704043,A,0.9189775051124738,13.275911018388857
86.69620611,23.33956675,K,-1.43,52.64
6.81280932,-11.19300067,B,-0.1975961538461539,24693.029699168907
68.47071328,17.89162048,A,0.9189775051124738,13.275911018388857
67.57881801,17.56374714,K,-0.6808563273073253,0.22362696511302643
334.5407293,-22.79629492,K,-5.2,1057.35
23.85390678,-2.89764336,B,-0.1975961538461539,24693.029699168907
52.09651785,11.1454964,K,-0.6808563273073253,0.22362696511302643
3.54125972,-12.67953226,G,1.5541858141858127,1.4605227901814972
2.08960433,-13.31602122,F,1.7449286314021815,2.6843617841590257
13.75849753,-7.95843945,F,1.7449286314021815,2.6843617841590257
344.471795,-19.97682288,G,1.5541858141858127,1.4605227901814972
48.16956127,9.29507272,A,0.84,20.46
13.4390878,-8.11791657,F,1.28,9.48
359.68153153,-14.3484824,K,-1.11,44.36
0.03516401,-14.20149912,F,1.7449286314021815,2.6843617841590257
343.1993327,-20.38589387,G,1.5541858141858127,1.4605227901814972
65.8878581,16.89437517,B,-0.09,112.86
338.92384771,-21.65985889,K,-3.7,277.38
20.47528093,-4.66755233,K,3.93,0.22362696511302643
29.37325299,-0.14185322,B,1.47,13.0
330.56691827,-23.76266305,A,2.02,8.29
351.11761584,-17.73244481,F,1.99,4.47
63.61995119,15.99503648,G,1.43,5.85
37.15587419,3.82797059,A,-0.65,143.17
28.15947701,-0.77325359,B,-0.1975961538461539,24693.029699168907
353.88405689,-16.70289872,F,2.31,3.4
96.30453557,25.22401172,F,1.7449286314021815,2.6843617841590257
57.95089163,13.65874617,G,1.5541858141858127,1.4605227901814972
50.24579866,10.21408517,K,-2.61,166.65
347.46219511,-19.03680446,K,-2.21,90.0
21.04559231,-4.4229589,G,1.5541858141858127,1.4605227901814972
45.18611737,7.79237088,G,1.8,3.96
52.10898754,11.05459269,A,-0.25,106.96
57.19428303,13.31322883,K,-0.6808563273073253,0.22362696511302643
16.59865066,-6.65602957,B,-0.1975961538461539,24693.029699168907
347.65989446,-18.9791388,A,0.28,37.25
111.63955688,26.93067182,F,0.92,19.09
7.99623003,-10.77433294,B,-1.05,466.02
329.36259654,-24.04567592,K,-0.6808563273073253,0.22362696511302643
50.79083842,10.43034147,F,1.77,6.68
20.08587447,-4.93280546,F,0.7,11.47
318.36005578,-25.93704857,A,0.9189775051124738,13.275911018388857
353.40604525,-16.9265167,G,1.5541858141858127,1.4605227901814972
46.38609537,8.3408879,A,0.89,22.27
70.65732793,18.56106237,M,-1.2799270072992703,0.021972455607761267
53.78342232,11.78560164,F,1.7449286314021815,2.6843617841590257
349.31506114,-18.42494149,K,-0.6808563273073253,0.22362696511302643
355.94260304,-15.95506882,G,2.15,3.09
42.56414608,6.46585558,A,0.3,58.67
77.68388786,20.83347504,M,-1.2799270072992703,0.021972455607761267
26.53954213,-1.68115649,K,-0.6808563273073253,0.22362696511302643
38.72814588,4.53858491,F,1.7449286314021815,2.6843617841590257
105.11238023,26.39335689,K,-1.71,86.33
99.20763436,25.64904336,A,0.73,48.59
327.39304865,-24.46142483,K,-0.6808563273073253,0.22362696511302643
1.16240385,-13.83426606,F,1.7449286314021815,2.6843617841590257
63.94279533,16.04146648,A,0.9189775051124738,13.275911018388857
346.87849167,-19.28233538,G,1.5541858141858127,1.4605227901814972
22.95056915,-3.53888264,A,0.9189775051124738,13.275911018388857
355.0199857,-16.34320914,F,1.7449286314021815,2.6843617841590257
89.30931711,23.8340231,K,-4.0,355.18
318.65555831,-25.9103398,A,2.13,6.05
15.88784996,-7.07704282,A,-0.07,69.69
43.33984095,6.80091202,G,1.5541858141858127,1.4605227901814972
37.87033705,4.06760399,A,0.9189775051124738,13.275911018388857
88.003872,23.53555171,F,1.7449286314021815,2.6843617841590257
0.94638032,-13.95441447,K,-0.6808563273073253,0.22362696511302643
15.24347554,-7.40458721,K,-0.6808563273073253,0.22362696511302643
345.06769744,-19.89144912,B,-1.46,543.37
85.66142383,22.97599586,A,2.57,5.54
79.33158395,21.28203187,A,0.9189775051124738,13.275911018388857
33.48157531,1.81614022,B,1.18,28.05
65.25590883,16.51596164,B,0.9,28.95
348.88879334,-18.62371976,F,1.7449286314021815,2.6843617841590257
41.08579032,5.65228935,F,0.95,12.43
14.77792586,-7.65382765,M,-6.2,436.99
89.45027756,23.84379402,K,-1.53,58.41
62.9479585,15.60208793,K,-0.6808563273073253,0.22362696511302643
26.75196423,-1.65046268,K,-0.6808563273073253,0.22362696511302643
351.0594775,-17.86509399,F,1.92,7.38
96.24101196,25.15507453,A,0.55,39.21
353.29522733,-17.04147401,F,0.92,13.32
7.56623277,-11.07152292,K,-0.62,26.27
2.46378889,-13.33745231,G,1.5541858141858127,1.4605227901814972
56.50494582,12.89846599,K,-2.24,106.06
48.9446391,9.45906783,A,-0.24,87.1
18.51280443,-5.83613268,A,0.9189775051124738,13.275911018388857
30.51069224,0.25897873,A,0.9189775051124738,13.275911018388857
357.02091181,-15.6115522,K,-0.6808563273073253,0.22362696511302643
69.57703373,18.0889731,K,-0.6808563273073253,0.22362696511302643
351.68355997,-17.65658973,K,-4.47,388.03
75.91367004,20.21326719,A,0.57,31.03
73.40741729,19.39722407,A,0.3,39.14
314.97183236,-26.36913532,F,1.69,6.7
70.72904895,18.48126316,B,-0.78,489.33
338.75251992,-21.82411596,K,-0.6808563273073253,0.22362696511302643
94.28793411,24.79236979,F,2.13,3.44
34.96967991,2.50283298,F,2.55,2.74
337.26926865,-22.2304451,F,2.26,4.71
322.02782844,-25.4476193,F,1.54,7.08
7.72721342,-11.04872449,G,2.48,2.57
18.01121943,-6.13473046,B,-0.1975961538461539,24693.029699168907
353.94315107,-16.8456061,G,-2.53,122.27
46.6215482,8.28666785,K,-0.6808563273073253,0.22362696511302643
359.76113692,-14.53785336,F,1.7449286314021815,2.6843617841590257
36.94249232,3.48112621,A,0.89,24.99
353.41951062,-17.04892543,F,2.41,4.27
12.27981688,-8.94075645,K,-5.06,1038.46
106.6139338,26.50497511,A,0.54,47.62
70.98466316,18.53775147,A,1.57,15.35
67.67580329,17.34245341,K,-0.6808563273073253,0.22362696511302643
72.85029485,19.16033068,M,-4.03,424.18
31.51039959,0.66522997,A,0.9189775051124738,44.56
31.51017725,0.66170701,A,1.53,10.91
33.14297884,1.4959238,K,-0.6808563273073253,0.22362696511302643
1.62504081,-13.79834996,K,-0.6808563273073253,0.22362696511302643
331.47732407,-23.67967478,K,-1.51,46.7
67.71754143,17.32135634,K,-0.6808563273073253,0.76
36.85611321,3.3664768,A,0.9189775051124738,13.275911018388857
70.01766187,18.15554567,G,1.5541858141858127,1.4605227901814972
43.21881999,6.55005921,K,-0.6808563273073253,0.22362696511302643
25.15290345,-2.62793466,A,0.19,44.16
55.50642452,12.32710595,A,1.5,14.28
25.32296523,-2.54774515,B,-0.1975961538461539,24693.029699168907
60.25508806,14.3600678,K,-3.25,196.97
356.08525314,-16.09197251,M,-1.2799270072992703,0.021972455607761267
49.20776753,9.42199484,K,-4.18,488.58
73.98813052,19.49649005,G,1.5541858141858127,1.4605227901814972
82.44513444,22.03297692,B,-2.18,1003.22
5.77023115,-12.04080007,G,3.11,1.2
93.29807188,24.54963953,K,-0.96,38.59
23.3757837,-3.56230701,F,1.7449286314021815,2.6843617841590257
98.17923137,25.40169105,A,0.31,89.1
57.33598596,13.09194162,K,-1.6,57.2
19.15063431,-5.70093058,A,0.9189775051124738,13.275911018388857
19.49512112,-5.5294579,F,2.42,3.07
101.04558576,25.82326735,F,-1.12,55.46
5.6567581,-12.10785403,M,-5.43,200.46
352.15266939,-17.60909113,F,1.45,11.26
30.60480319,0.11087411,B,-0.1975961538461539,24693.029699168907
308.845871,-26.8984607,K,-0.6808563273073253,0.22362696511302643
43.63856371,6.69403949,A,0.9189775051124738,13.275911018388857
341.49857116,-21.13279189,G,1.5541858141858127,1.4605227901814972
330.20176689,-23.99601462,M,-4.78,0.021972455607761267
90.58749298,23.97982032,K,-1.32,40.95
25.6687556,-2.44839449,B,-0.1975961538461539,24693.029699168907
40.8281829,5.2733251,M,-1.2799270072992703,0.021972455607761267
5.36411068,-12.27215676,B,-0.1975961538461539,24693.029699168907
89.10208416,23.6475351,F,0.89,11.69
12.43315351,-9.02698219,B,-0.1975961538461539,24693.029699168907
29.06018681,-0.73337962,A,0.9189775051124738,13.275911018388857
75.64265681,19.9797398,A,-0.25,87.51
345.90794018,-19.79736097,A,0.49,26.83
354.72650129,-16.6872823,G,1.5541858141858127,1.4605227901814972
345.17622003,-20.03457221,B,-0.1975961538461539,24693.029699168907
101.68909498,25.89221225,K,-0.6808563273073253,0.22362696511302643
48.76282719,9.12419137,A,1.78,12.84
114.75975464,27.03148922,K,3.47,0.84
40.41220116,5.0369784,B,-0.1975961538461539,24693.029699168907
35.77116051,2.68802687,M,-1.2799270072992703,0.021972455607761267
346.70755309,-19.55353895,G,3.4,1.02
8.81694826,-10.75123124,K,-0.6808563273073253,0.22362696511302643
105.83328295,26.37968946,G,-0.91,32.58
47.26270553,8.38786984,K,-0.6808563273073253,0.22362696511302643
350.01166686,-18.43464171,F,1.61,8.86
65.35609133,16.30627977,A,-0.74,134.73
27.19176365,-1.73354807,A,0.97,28.06
332.88162051,-23.4331636,F,1.7449286314021815,2.6843617841590257
358.72529236,-15.14650311,G,1.5541858141858127,1.4605227901814972
83.33735645,22.20278842,K,-0.6808563273073253,0.22362696511302643
28.22057059,-1.21728646,G,-5.58,2062.65
8.85791207,-10.75396318,G,2.11,3.11
42.06380032,5.82014009,A,1.32,11.19
61.08160216,14.57192893,G,-1.99,98.94
22.45644593,-4.16615273,A,0.9189775051124738,13.275911018388857
34.77027556,2.1195858,B,-0.1975961538461539,24693.029699168907
347.89059208,-19.19426159,K,3.9,0.35
30.88815545,0.11949826,A,0.9189775051124738,13.275911018388857
34.00416708,1.71385561,F,1.7449286314021815,2.6843617841590257
4.5554378,-12.71472901,F,2.23,4.58
9.78949073,-10.35344237,G,2.7,2.08
357.01013417,-15.86381229,F,2.97,1.75
97.14311594,25.1794486,F,1.7449286314021815,2.6843617841590257
358.23233048,-15.37919111,B,1.04,45.89
44.7853109,7.12372596,B,-0.1975961538461539,24693.029699168907
58.80279994,13.58783301,A,0.84,24.75
47.63582944,8.50371338,B,-1.03,147.0
325.12122826,-25.02399358,A,1.29,17.65
85.382475,22.70527277,A,1.62,19.96
54.74425781,11.80331715,G,1.5541858141858127,1.4605227901814972
335.37070529,-22.86684958,A,0.34,58.91
2.88907868,-13.4603015,A,0.9189775051124738,13.275911018388857
24.18145383,-3.34175029,O,-1.0,80976.42962657007
346.39760047,-19.71027338,B,0.83,66.57
29.23934513,-0.77405531,K,4.81,0.1
337.89769746,-22.23160219,G,1.5541858141858127,1.4605227901814972
27.40319595,-1.72181208,G,1.5541858141858127,1.4605227901814972
46.3846153,7.85881464,B,-0.46,116.43
78.82990445,20.87585002,F,1.7449286314021815,57.38
18.20926216,-6.3678904,A,2.02,6.63
10.63489017,-10.01642861,K,-0.6808563273073253,0.22362696511302643
111.88953804,26.86297915,G,1.93,3.59
352.44227182,-17.65221126,K,-2.93,124.44
26.87729644,-2.0172058,B,-0.1975961538461539,24693.029699168907
79.84467971,21.16150304,K,-0.6808563273073253,0.22362696511302643
350.94918659,-18.1928308,G,1.5541858141858127,1.4605227901814972
333.11367102,-23.43134499,K,-0.6808563273073253,0.22362696511302643
82.91436591,22.01946984,A,0.9189775051124738,13.275911018388857
6.99048209,-11.71100109,A,0.33,43.23
61.97859688,14.84772929,B,2.12,17.67
66.71984846,16.72021872,A,0.91,18.67
329.31671304,-24.26281893,A,0.9189775051124738,13.275911018388857
78.47551793,20.73914591,A,0.58,42.6
359.21921319,-15.05683751,F,1.7449286314021815,2.6843617841590257
65.51199192,16.24860237,A,0.9189775051124738,13.275911018388857
44.53369592,6.89980141,B,-0.1975961538461539,24693.029699168907
58.5896398,13.39843341,G,1.5541858141858127,1.4605227901814972
32.30012176,0.7148447,F,1.99,3.75
40.77888734,5.02356773,B,-0.1975961538461539,24693.029699168907
355.514013,-16.53761516,G,-2.03,123.64
21.51742674,-4.7824949,M,-1.2799270072992703,0.021972455607761267
58.51910052,13.36476881,K,-0.6808563273073253,0.22362696511302643
348.26402894,-19.15730666,M,-1.2799270072992703,0.021972455607761267
332.64886867,-23.56082572,K,-0.6808563273073253,0.22362696511302643
304.30721048,-27.10205591,K,-0.6808563273073253,0.22362696511302643
348.81240345,-18.97438344,G,2.7,1.89
316.48592808,-26.28576778,F,1.86,4.41
0.23207836,-14.68228768,F,2.42,3.57
14.36466034,-8.33833581,B,-0.1975961538461539,24693.029699168907
42.50195229,5.8424282,B,0.35,72.47
54.93799958,11.75409412,M,-1.2799270072992703,0.021972455607761267
3.38391596,-13.36814887,A,0.9189775051124738,13.275911018388857
340.34087137,-21.6281834,F,1.7449286314021815,2.6843617841590257
11.64916666,-9.64324284,A,2.64,2.73
39.41292486,4.28260654,A,0.9189775051124738,13.275911018388857
13.7457407,-8.65445993,B,-0.1975961538461539,24693.029699168907
61.47918121,14.56553715,B,-1.22,850.15
358.10016965,-15.57012587,F,1.7449286314021815,2.6843617841590257
16.23090872,-7.46145484,K,-0.6808563273073253,0.22362696511302643
17.54489718,-6.82177549,K,-0.6808563273073253,0.22362696511302643
77.95247832,20.52215104,A,2.14,7.24
351.98629492,-17.9024107,K,-0.6808563273073253,0.22362696511302643
75.12080557,19.62060379,K,-0.6808563273073253,0.22362696511302643
23.50260747,-3.8574235,K,3.88,0.35
64.24609075,15.67147045,B,-0.1975961538461539,24693.029699168907
41.81991994,5.46145569,K,-0.6808563273073253,0.22362696511302643
50.63480725,9.74007594,A,0.9189775051124738,13.275911018388857
36.3231956,2.68615882,K,-4.28,474.87
38.48141781,3.78119803,K,-0.6808563273073253,0.22362696511302643
66.58703018,16.58212393,B,0.27,143.26
7.39645157,-11.63434691,G,1.5541858141858127,1.4605227901814972
103.90751944,26.09205838,K,-0.6808563273073253,0.22362696511302643
76.63164371,20.08871491,A,0.9189775051124738,13.275911018388857
352.45484565,-17.75809604,M,-1.2799270072992703,0.021972455607761267
59.82076993,13.819419,K,-0.6808563273073253,0.22362696511302643
19.43118956,-5.94662162,F,1.91,4.7
358.36908138,-15.51547871,G,1.5541858141858127,1.4605227901814972
353.74538468,-17.30021575,G,1.5541858141858127,1.4605227901814972
53.96270176,11.23289351,B,1.21,27.83
15.37798337,-7.94143315,K,-0.6808563273073253,0.22362696511302643
42.07125541,5.53504141,G,1.5541858141858127,1.4605227901814972
1.77309038,-14.1280532,A,0.81,22.49
78.19570256,20.55039405,A,1.7,10.69
53.78827919,11.13958219,F,2.7,2.5
56.14205871,12.1884956,K,-1.12,35.24
22.42228301,-4.48820399,K,-2.08,71.17
33.94323618,1.38746801,F,1.7449286314021815,2.6843617841590257
341.43289164,-21.38229422,G,1.5541858141858127,1.4605227901814972
358.82753618,-15.36496055,K,-3.25,216.96
67.33470098,16.80070132,K,-0.6808563273073253,0.22362696511302643
28.05015615,-1.63725863,G,4.03,0.46
28.18914907,-1.56652217,F,1.97,4.52
46.37228699,7.61420007,B,-0.1975961538461539,24693.029699168907
3.71118394,-13.33377267,B,-0.1975961538461539,24693.029699168907
62.49540748,14.86794188,K,-3.34,265.44
66.00748396,16.26770957,B,0.49,85.8
42.19270392,5.5254112,K,4.26,0.24
103.31447412,25.98589143,K,-0.6808563273073253,68.01
14.96745576,-8.21844515,B,-0.1975961538461539,24693.029699168907
356.45836762,-16.33745963,F,2.25,3.71
51.34952654,9.9434515,F,1.61,6.12
345.38030966,-20.22952881,G,2.55,2.13
26.84806817,-2.30611178,B,-0.1975961538461539,24693.029699168907
109.22888411,26.61342156,F,1.7449286314021815,2.6843617841590257
74.68343388,19.36851201,A,2.21,5.06
18.94833252,-6.29945371,B,-0.1975961538461539,24693.029699168907
29.84704817,-0.7925897,A,1.76,10.63
330.43085143,-24.13772767,A,0.94,20.24
64.10058262,15.47642851,G,-2.1,102.84
27.26964707,-2.11829044,A,-1.03,108.13
50.42019894,9.47877433,B,-0.1975961538461539,24693.029699168907
339.46447121,-21.98268037,G,2.65,1.91
39.7016775,4.20643622,A,0.9189775051124738,13.275911018388857
304.45919181,-27.10407574,F,2.8,2.39
15.97602874,-7.79225757,A,0.9189775051124738,13.275911018388857
65.47630936,15.99402483,K,-0.6808563273073253,0.22362696511302643
0.18419662,-14.90832768,G,1.5541858141858127,1.4605227901814972
5.40634181,-12.69521032,G,2.98,1.37
72.63838264,18.63907202,F,0.46,20.54
99.41977995,25.40642395,G,3.76,0.76
15.95402864,-7.81827225,A,-0.63,78.82
352.39756844,-17.91606536,A,0.0,57.72
21.43559827,-5.12449278,B,-0.1975961538461539,24693.029699168907
354.69103367,-17.07611007,G,1.5541858141858127,1.4605227901814972
48.28116248,8.40559097,K,4.77,0.1
50.00469742,9.22217328,A,1.11,31.83
69.55735525,17.51919464,F,1.57,6.51
9.17959974,-11.03257566,F,1.7449286314021815,2.6843617841590257
335.53936345,-23.02006665,K,-1.05,32.64
47.21142064,7.87735273,F,1.7449286314021815,2.6843617841590257
339.49742865,-22.00669471,K,-0.6808563273073253,0.22362696511302643
54.35284233,11.23155822,B,-1.22,550.73
30.41975087,-0.58434988,F,1.7449286314021815,2.6843617841590257
51.69516792,9.99774152,B,-0.1975961538461539,24693.029699168907
25.11724873,-3.30476883,B,-0.1975961538461539,24693.029699168907
20.23977943,-5.75934753,A,0.09,29.78
7.02395439,-12.03111123,F,1.7449286314021815,2.6843617841590257
64.22419932,15.44341837,F,2.29,2.99
353.14890098,-17.68117492,F,2.98,1.79
1.23239485,-14.53177517,G,1.5541858141858127,1.4605227901814972
343.23970488,-20.96219093,K,-0.6808563273073253,0.22362696511302643
2.97407233,-13.80475003,K,-1.34,47.48
332.36896677,-23.77191759,A,1.38,15.76
37.56688977,3.03036803,K,-0.6808563273073253,0.22362696511302643
307.2036288,-27.0249713,F,2.28,3.13
338.6079518,-22.27181793,K,-0.6808563273073253,0.22362696511302643
74.77507736,19.30310567,K,-0.6808563273073253,0.22362696511302643
76.97820521,20.01828776,M,-6.01,85.33
116.08702582,27.02343936,A,1.12,23.27
44.06376196,6.27532268,K,-0.6808563273073253,0.22362696511302643
61.39555288,14.25321033,A,0.9189775051124738,13.275911018388857
45.79301978,7.11459138,A,0.9189775051124738,13.275911018388857
23.5470247,-4.15588813,F,1.7449286314021815,2.6843617841590257
333.32642891,-23.57673657,K,4.01,0.42
57.78871103,12.69237123,K,-2.39,104.25
91.96729216,23.98429374,G,1.5541858141858127,1.4605227901814972
350.36065206,-18.7090185,F,1.7449286314021815,2.6843617841590257
55.30065187,11.58267968,A,1.51,17.46
52.02374216,10.0799236,K,-0.6808563273073253,0.22362696511302643
321.91286969,-25.68698687,K,-0.6808563273073253,0.22362696511302643
31.80989874,0.03754653,A,1.72,12.96
1.06308785,-14.65717791,K,-0.83,27.98
25.28662258,-3.31486164,K,-2.31,82.41
73.20922669,18.72960429,G,-1.35,56.71
359.2684155,-15.40197546,F,1.25,11.08
50.4078423,9.29055954,K,-0.6808563273073253,0.22362696511302643
19.84001522,-6.05902291,A,0.9189775051124738,13.275911018388857
7.14885701,-12.06582845,K,-0.6808563273073253,0.22362696511302643
312.713296,-26.71125796,F,2.19,3.58
63.45275807,15.0457436,A,0.88,28.86
16.33317234,-7.79008518,A,0.9189775051124738,13.275911018388857
349.81310471,-18.92840404,G,1.5541858141858127,1.4605227901814972
94.65933489,24.50769116,A,0.9189775051124738,13.275911018388857
6.41724965,-12.40515745,G,2.95,1.36
22.18971887,-4.90927896,A,0.45,20.1
346.42538712,-20.05058084,K,-0.6808563273073253,0.22362696511302643
59.32298008,13.30441516,A,2.21,10.02
350.33331054,-18.75900338,G,-1.8,63.61
343.24587189,-21.0264982,K,-0.6808563273073253,0.22362696511302643
87.61717147,22.96107338,A,0.87,26.68
17.75233726,-7.11796248,G,1.5541858141858127,1.4605227901814972
39.73607082,4.01658473,A,0.9189775051124738,13.275911018388857
43.56001106,5.93081418,A,0.9189775051124738,13.275911018388857
345.42136886,-20.37416458,G,1.5541858141858127,1.4605227901814972
49.02736756,8.5958764,A,0.9189775051124738,13.275911018388857
336.94179977,-22.75509242,A,0.9189775051124738,13.275911018388857
88.5263259,23.17226788,A,0.9189775051124738,13.275911018388857
23.46132446,-4.29465382,K,-1.44,40.9
330.76129157,-24.16796685,K,-0.6808563273073253,0.22362696511302643
54.2663856,11.03735212,F,1.4,6.74
25.97865047,-3.02926041,B,-0.1975961538461539,24693.029699168907
53.40007035,10.63006518,A,0.9189775051124738,13.275911018388857
352.68935728,-17.95486538,B,-0.15,167.26
315.59866634,-26.46823149,A,0.9189775051124738,13.275911018388857
15.57211083,-8.20658568,A,0.92,24.0
8.25009099,-11.63033186,A,0.2,35.8
33.46895134,0.78581236,A,-0.21,91.85
68.02112272,16.79161572,A,0.59,36.07
44.5439814,6.37674298,G,3.91,0.48
9.65425897,-11.00573764,K,-0.6808563273073253,0.22362696511302643
14.50467342,-8.73926453,K,-5.39,1288.07
27.46717834,-2.30351896,K,-0.6808563273073253,0.22362696511302643
2.18931028,-14.27955536,F,1.18,11.33
47.00403641,7.56469648,B,-1.25,346.49
321.87431339,-25.72852016,B,-0.71,161.51
66.33347426,16.12196869,G,1.79,5.09
61.51265761,14.16767784,A,-0.63,173.53
62.63786922,14.62876606,B,-1.67,1587.71
14.80211778,-8.62590181,G,1.5541858141858127,1.4605227901814972
42.71695851,5.42382153,A,0.9189775051124738,13.275911018388857
336.26941617,-22.96030051,K,-0.6808563273073253,0.22362696511302643
11.30694502,-10.28293099,M,8.01,0.0
70.28674641,17.59507518,K,-0.6808563273073253,0.22362696511302643
62.39918343,14.50327726,A,0.9189775051124738,35.01
53.21456384,10.46514174,K,-0.6808563273073253,0.22362696511302643
341.53822584,-21.58777422,K,-0.6808563273073253,0.22362696511302643
110.42485281,26.64797193,F,1.4,8.35
40.35530191,4.20979671,B,-0.1975961538461539,24693.029699168907
56.64725358,12.01517018,A,0.9189775051124738,16.64
328.08908553,-24.73220137,K,-1.98,78.35
344.01211053,-20.87804057,A,-0.41,50.25
339.57295749,-22.13705569,K,-0.6808563273073253,0.22362696511302643
51.39257641,9.58679215,A,0.9189775051124738,13.275911018388857
356.70718948,-16.54840347,F,2.05,4.96
38.31266656,3.1488938,K,-0.6808563273073253,0.22362696511302643
35.52000673,1.72415078,M,5.23,0.05
46.47477223,7.2193767,F,2.36,2.6
59.82938379,13.37821399,A,0.02,102.28
63.18761279,14.78346855,A,-4.15,3334.14
356.26411231,-16.73178112,F,1.7449286314021815,2.6843617841590257
27.06389506,-2.62327578,F,1.7449286314021815,2.6843617841590257
25.306985,-3.51619938,M,-1.2799270072992703,0.021972455607761267
353.92787766,-17.61548555,K,-2.27,86.24
29.56036145,-1.3642564,K,-2.85,125.95
2.22923361,-14.36988272,F,2.98,2.16
45.23588776,6.57027303,K,-0.53,16.76
12.25213425,-9.94047341,G,1.5541858141858127,1.4605227901814972
2.30338515,-14.34893011,F,2.47,2.95
110.56743551,26.64572037,F,0.27,34.92
341.73315098,-21.58218132,K,-1.31,41.53
346.92565232,-20.02726482,G,2.89,1.47
43.08449618,5.48634655,F,1.7449286314021815,2.6843617841590257
49.30378883,8.52794597,G,1.5541858141858127,1.4605227901814972
90.80795611,23.5990466,K,-2.26,89.43
331.70009662,-24.05826656,G,1.5541858141858127,1.4605227901814972
60.38077028,13.55416766,A,0.9189775051124738,13.275911018388857
76.16364115,19.54065275,G,1.5541858141858127,1.4605227901814972
351.05054637,-18.67446856,F,1.7449286314021815,2.6843617841590257
8.5072929,-11.69595216,K,5.04,0.09
83.96752506,21.8847497,B,-0.26,348.69
35.43016513,1.57923901,F,1.7449286314021815,2.6843617841590257
80.72847148,20.95874089,K,-0.6808563273073253,0.22362696511302643
5.43470371,-13.06085068,G,1.5541858141858127,1.4605227901814972
54.54501291,10.94624864,K,-4.87,0.22362696511302643
39.46397379,3.61653035,K,-2.42,103.42
333.70312526,-23.63999598,M,5.66,0.03
47.08975634,7.40441775,F,1.7449286314021815,2.6843617841590257
23.00448387,-4.78244825,B,-0.1975961538461539,24693.029699168907
359.18834074,-15.68478897,G,1.5541858141858127,1.4605227901814972
72.47339869,18.24534134,K,-3.03,173.85
20.70588381,-5.94303101,K,-5.54,0.22362696511302643
80.48042241,20.85974221,F,2.18,3.86
321.98492829,-25.77194393,F,3.09,1.55
347.83261053,-19.78965119,G,1.5541858141858127,1.4605227901814972
81.47801959,21.14948049,K,-1.35,41.56
92.03140364,23.83411787,A,1.85,9.27
342.15812644,-21.519804,F,0.91,14.95
8.67518901,-11.68698989,A,0.9189775051124738,13.56
337.2310776,-22.83153939,F,1.7449286314021815,2.6843617841590257
1.53893752,-14.7647999,K,-0.6808563273073253,0.22362696511302643
32.52081832,0.01125825,K,-0.6808563273073253,0.22362696511302643
79.3403854,20.49065391,F,2.82,1.98
68.98504316,16.94020031,G,-1.72,76.32
12.83264268,-9.78864251,K,-0.6808563273073253,0.22362696511302643
348.44301238,-19.61716212,B,-0.1975961538461539,24693.029699168907
359.53638003,-15.58758721,G,1.5541858141858127,1.4605227901814972
73.52020279,18.573168,K,-3.58,277.95
82.4891171,21.41243385,F,2.11,3.93
355.73476545,-17.06968911,K,-0.6808563273073253,0.22362696511302643
42.65042623,5.12960979,K,-0.6808563273073253,0.22362696511302643
1.60991928,-14.76663317,B,0.51,53.73
40.61676091,4.0999181,B,-0.1975961538461539,24693.029699168907
55.15272294,11.1180671,B,-0.1975961538461539,24693.029699168907
57.94950761,12.36947459,G,-1.06,32.61
12.94567363,-9.78001222,F,1.04,12.69
65.48373511,15.53548979,A,0.9189775051124738,13.275911018388857
343.87668758,-21.06785991,G,1.5541858141858127,1.4605227901814972
101.0409796,25.47040844,F,1.9,6.6
346.6377864,-20.23842494,G,1.5541858141858127,1.4605227901814972
4.79033087,-13.47453923,A,0.9189775051124738,13.275911018388857
42.07007123,4.77949919,A,0.9189775051124738,13.275911018388857
355.11032094,-17.34834204,B,-0.1975961538461539,24693.029699168907
24.16402007,-4.33790522,F,1.7449286314021815,2.6843617841590257
100.55391308,25.38912523,F,1.7449286314021815,2.6843617841590257
355.11163804,-17.35085559,B,-0.1975961538461539,24693.029699168907
14.66860291,-9.00720165,G,1.5541858141858127,1.4605227901814972
16.95015315,-7.91705963,A,0.9189775051124738,13.275911018388857
33.10301297,0.20628125,A,0.9189775051124738,13.275911018388857
358.00492088,-16.259788,F,1.7449286314021815,2.6843617841590257
64.24902948,15.00561701,A,0.42,35.15
46.31786217,6.87660371,A,0.9189775051124738,13.275911018388857
20.87657752,-6.0030736,K,-0.6808563273073253,0.22362696511302643
50.29405053,8.78386111,A,0.9189775051124738,13.275911018388857
29.98953394,-1.40915994,A,0.9,18.34
358.81887944,-15.95869611,K,-0.6808563273073253,0.22362696511302643
12.15563302,-10.21498779,K,-0.6808563273073253,0.22362696511302643
2.99137757,-14.26774781,F,2.76,2.07
14.67531378,-9.03221145,B,-0.1975961538461539,24693.029699168907
68.66583154,16.72376432,K,-0.6808563273073253,0.22362696511302643
27.30444912,-2.79112629,A,0.9189775051124738,13.275911018388857
356.96016898,-16.68801276,K,-3.33,192.23
310.15610577,-26.93560357,K,-1.56,53.06
25.95122094,-3.48658921,B,-0.1975961538461539,24693.029699168907
9.42656062,-11.48800903,G,1.5541858141858127,1.4605227901814972
89.3072085,23.13551567,G,1.5541858141858127,226.78
76.31887131,19.43240157,M,-5.49,203.3
81.95480646,21.1827482,A,0.9189775051124738,13.275911018388857
18.45080731,-7.25417562,G,1.7,4.73
49.65361095,8.43142885,K,-0.6808563273073253,0.22362696511302643
27.25528194,-2.8575237,F,1.7449286314021815,2.6843617841590257
322.7812766,-25.71832422,G,1.5541858141858127,1.4605227901814972
351.77662202,-18.61224684,F,2.72,2.24
97.32645001,24.80912659,G,2.4,2.93
17.55932411,-7.7062976,A,0.9189775051124738,13.275911018388857
58.50134068,12.4910668,G,1.5541858141858127,1.4605227901814972
92.77027141,23.90073063,M,-1.2799270072992703,0.021972455607761267
29.9706241,-1.49694494,F,0.81,18.89
354.68387498,-17.586532,G,1.5541858141858127,1.4605227901814972
95.522764,24.46345438,F,1.7449286314021815,2.6843617841590257
5.6210398,-13.21749169,K,-0.6808563273073253,0.22362696511302643
48.46116177,7.82276065,K,-0.6808563273073253,0.22362696511302643
19.79958145,-6.62799337,B,-0.1975961538461539,24693.029699168907
344.69845732,-20.90757779,G,-2.15,98.02
345.81803905,-20.57033572,G,1.5541858141858127,1.4605227901814972
68.34844191,16.54158498,F,3.26,1.24
36.35814687,1.75957628,B,-0.1975961538461539,24693.029699168907
356.32117912,-16.98795616,K,-0.6808563273073253,0.22362696511302643
8.38649624,-12.01589218,K,-2.31,91.5
69.02392642,16.79272395,A,0.05,101.27
80.70037384,20.77308298,K,-0.6808563273073253,0.22362696511302643
70.07793341,17.18605941,A,0.9189775051124738,13.275911018388857
1.05017229,-15.15362046,F,1.14,11.06
74.73692438,18.84636453,B,0.41,113.79
34.19171205,0.62952559,F,2.03,4.85
350.41603165,-19.10969268,F,1.7449286314021815,2.6843617841590257
357.30294753,-16.63580004,A,2.2,5.0
333.10202611,-23.90115314,A,1.83,12.79
31.56316328,-0.73432117,G,3.22,1.09
334.96260918,-23.49554423,F,0.58,22.2
42.09087555,4.62264842,B,-0.1975961538461539,24693.029699168907
82.65808154,21.32776496,G,1.56,4.36
59.00273945,12.65103617,K,-4.18,605.01
66.35021802,15.72061602,B,-0.78,391.94
0.65035665,-15.3444108,K,-0.6808563273073253,0.22362696511302643
32.02454339,-0.51942805,B,-0.1975961538461539,24693.029699168907
60.23257123,13.17769218,A,0.9189775051124738,13.275911018388857
90.42446242,23.34285472,G,2.34,3.21
80.91333496,20.8032931,F,1.7449286314021815,2.6843617841590257
39.33337247,3.206222,B,-0.1975961538461539,24693.029699168907
355.62674648,-17.29931153,F,2.18,4.85
31.39360848,-0.85690147,B,-0.1975961538461539,24693.029699168907
349.05730246,-19.59504485,G,1.5541858141858127,1.4605227901814972
340.98551548,-22.01146443,K,-0.6808563273073253,0.22362696511302643
37.06599713,2.03915048,F,2.62,3.3
51.70599335,9.29196881,K,-0.6808563273073253,0.22362696511302643
6.40229933,-12.95797265,F,1.7449286314021815,2.6843617841590257
45.04123319,6.0555454,G,1.5541858141858127,1.4605227901814972
37.45684436,2.23247225,F,1.7449286314021815,2.6843617841590257
343.82239403,-21.22471698,K,-1.16,35.96
105.58469622,26.03751491,F,1.1,12.63
35.67231271,1.29969285,G,3.58,0.77
71.14080447,17.5086705,K,-2.87,223.18
108.55168935,26.37401003,F,1.5,8.61
18.19726906,-7.53355477,G,1.5541858141858127,1.4605227901814972
47.8215163,7.38853269,M,5.37,0.04
85.18845175,21.99293105,A,0.82,32.62
84.65852088,21.84821945,K,-0.6808563273073253,0.22362696511302643
10.75378284,-11.05254752,K,-0.6808563273073253,0.22362696511302643
80.62318719,20.67944758,A,0.9189775051124738,13.275911018388857
82.76640952,21.31065207,A,0.5,32.56
61.48029057,13.65023603,B,0.85,36.41
7.46416588,-12.53666293,G,1.95,3.81
59.45640522,12.77563187,K,-0.6808563273073253,0.22362696511302643
79.19961625,20.23040784,F,1.7449286314021815,2.6843617841590257
338.09235522,-22.79665437,A,2.24,10.86
3.29030863,-14.3390191,G,3.33,0.83
310.43389558,-26.94429979,K,-3.23,209.93
42.60838372,4.77642808,A,0.9189775051124738,13.275911018388857
38.87245468,2.88124169,A,0.9189775051124738,13.275911018388857
24.72787563,-4.33482612,G,3.19,1.08
67.32318163,16.01454315,B,0.35,114.43
62.41635005,14.0176267,K,1.16,4.77
341.87388943,-21.81747025,G,3.29,0.93
45.47674243,6.18897664,B,-0.46,144.93
89.62956732,23.10312031,B,-0.55,192.18
25.45833228,-3.9797334,K,-0.6808563273073253,0.22362696511302643
358.98567355,-16.1007679,F,1.7449286314021815,2.6843617841590257
331.03810228,-24.39329798,G,2.74,1.59
57.63083687,11.91807887,A,1.96,6.27
71.08261744,17.42502506,B,-2.04,1017.83
43.53877293,5.19940795,F,1.7449286314021815,2.6843617841590257
26.78090144,-3.33546127,A,0.9189775051124738,13.275911018388857
13.29725494,-9.94836286,A,1.5,14.33
351.76892407,-18.77017903,K,-2.42,101.16
321.23025353,-25.99212106,A,1.26,18.9
37.04787653,1.90004516,F,2.17,3.97
69.20827402,16.7107833,F,1.7449286314021815,2.6843617841590257
83.36287745,21.43648111,F,1.65,6.94
354.56345148,-17.79396926,K,-3.42,224.73
333.61114624,-23.87361223,B,-3.8,8450.03
10.14543583,-11.41849528,K,-0.6808563273073253,0.22362696511302643
0.921901,-15.370099,K,-0.6808563273073253,0.22362696511302643
56.49872555,11.37615059,F,-1.39,100.56
69.19034636,16.68893522,A,0.9189775051124738,13.275911018388857
52.26784641,9.41257071,B,0.12,131.92
73.37811464,18.22428343,F,1.56,6.82
63.37028361,14.35759869,A,1.52,23.08
41.28605667,4.02235914,B,-0.1975961538461539,24693.029699168907
0.47457543,-15.56386891,F,1.7449286314021815,2.6843617841590257
64.7611282,14.92879463,F,1.7449286314021815,2.6843617841590257
46.02030884,6.3823746,G,-1.11,36.96
355.09489492,-17.62856022,F,1.7449286314021815,2.6843617841590257
351.98047188,-18.73465899,F,1.68,6.9
81.76016841,20.94231407,F,1.57,10.04
54.95057482,10.63945477,A,0.9189775051124738,13.275911018388857
337.05063874,-23.11059097,G,3.64,0.68
57.18103159,11.64368619,A,0.93,27.08
334.69201739,-23.66159319,F,1.91,5.45
29.72769641,-1.91787987,M,-4.48,0.021972455607761267
338.88438246,-22.66834077,B,-0.1975961538461539,24693.029699168907
349.73491336,-19.5110936,M,-5.9,0.021972455607761267
56.9894371,11.54675841,G,2.78,1.75
59.77148068,12.7818856,A,0.9189775051124738,13.275911018388857
354.29350934,-17.94446238,G,1.5541858141858127,1.4605227901814972
30.67784889,-1.44402509,G,1.5541858141858127,1.4605227901814972
8.96179783,-12.0121938,G,-1.15,45.41
55.64219577,10.928966,K,-0.6808563273073253,0.22362696511302643
78.06449404,19.77452228,B,-0.1975961538461539,24693.029699168907
43.05220411,4.8552826,K,4.39,0.34
359.57163922,-15.97476076,G,2.62,1.95
74.09251176,18.42403193,M,-1.2799270072992703,0.021972455607761267
57.14725371,11.58011037,B,0.8,39.98
22.02592322,-5.8567195,F,1.7449286314021815,2.6843617841590257
6.42537565,-13.16132701,K,-3.06,162.93
357.63505226,-16.74166805,K,-0.6808563273073253,0.22362696511302643
335.70854256,-23.46026426,A,0.9189775051124738,13.275911018388857
344.16107957,-21.26975818,G,-1.55,68.85
39.22500462,2.87100285,B,-0.1975961538461539,24693.029699168907
36.6806598,1.5730434,B,-0.1975961538461539,24693.029699168907
5.15800638,-13.72295324,B,0.47,71.66
14.89564425,-9.34426368,B,-0.1975961538461539,24693.029699168907
65.42471314,15.10705149,K,-0.6808563273073253,0.22362696511302643
88.6424927,22.77159594,A,1.98,7.64
87.31611224,22.41956446,K,-0.6808563273073253,0.22362696511302643
28.8478093,-2.47808452,A,0.9189775051124738,13.275911018388857
53.47113133,9.83049049,F,1.7449286314021815,2.6843617841590257
338.97510975,-22.7054897,M,5.55,0.02
53.01219268,9.6029524,B,-0.1975961538461539,24693.029699168907
350.78666741,-19.24571073,K,-0.6808563273073253,0.22362696511302643
52.36284463,9.2895922,A,1.99,9.01
19.38153138,-7.24546679,K,-0.6808563273073253,0.22362696511302643
355.0885294,-17.74993758,F,1.7449286314021815,2.6843617841590257
16.72478991,-8.53329962,K,-0.6808563273073253,0.22362696511302643
15.94335173,-8.91156804,A,1.09,24.2
7.6147236,-12.72980071,K,-0.6808563273073253,0.22362696511302643
48.63504912,7.48503403,K,-0.6808563273073253,0.22362696511302643
67.20697501,15.76258152,F,1.99,4.91
22.89608638,-5.52776895,B,-0.1975961538461539,24693.029699168907
73.42968206,18.10362753,K,-2.91,152.64
349.77634551,-19.59661893,A,-1.07,190.02
40.08763368,3.21715976,A,1.75,8.54
18.43778554,-7.72674695,B,-0.1975961538461539,24693.029699168907
102.66446688,25.54538629,A,0.53,33.92
95.0918738,24.20005855,K,-0.6808563273073253,0.22362696511302643
24.57068833,-4.70055155,A,0.8,25.43
40.88733396,3.61388093,B,-0.1975961538461539,24693.029699168907
347.99291958,-20.17619554,A,1.28,19.22
105.1883484,25.89791507,G,0.17,11.91
346.68255915,-20.58900768,K,-0.29,13.85
40.14541947,3.22103575,A,0.71,33.92
346.1511249,-20.75372748,G,2.81,1.13
317.42309783,-26.4772182,A,1.94,10.51
16.39925419,-8.73506936,K,-0.6808563273073253,111.31
34.68715126,0.42392693,A,1.52,11.03
29.51296208,-2.22477411,K,-0.6808563273073253,0.22362696511302643
12.07080822,-10.77962451,K,-0.6808563273073253,0.22362696511302643
28.91692798,-2.54438001,A,1.02,14.09
344.36761484,-21.29703336,B,-1.58,787.33
349.60304312,-19.69136499,A,0.9189775051124738,13.275911018388857
80.4307591,20.39583767,G,-2.88,227.55
321.21772218,-26.06913856,B,0.14,141.88
68.78055541,16.32725232,B,-0.1975961538461539,24693.029699168907
343.69434101,-21.49503361,F,1.36,8.69
42.21071274,4.22814472,A,0.9189775051124738,13.275911018388857
24.01637319,-5.03687982,B,-0.1975961538461539,24693.029699168907
23.00186217,-5.54475199,A,0.9189775051124738,13.275911018388857
63.56389802,14.21664482,K,-0.6808563273073253,0.22362696511302643
80.3803194,20.37263536,G,-1.97,82.68
4.68223903,-14.059038,F,1.7449286314021815,2.6843617841590257
52.1895256,9.11248758,A,0.9189775051124738,13.275911018388857
70.78876175,17.07606511,M,-6.73,431.8
56.00261478,10.87975639,G,-1.6,53.38
67.5032344,15.79910566,K,-0.6808563273073253,0.22362696511302643
61.99718518,13.5305404,K,-0.6808563273073253,0.22362696511302643
350.65245972,-19.37549266,G,1.5541858141858127,1.4605227901814972
344.04543602,-21.42176136,F,1.46,10.75
38.47321942,2.28264375,B,-0.1975961538461539,24693.029699168907
330.74283616,-24.5953003,K,-0.6808563273073253,0.22362696511302643
55.00089647,10.39345118,B,-0.1975961538461539,24693.029699168907
11.52077659,-11.09919674,F,1.7449286314021815,2.6843617841590257
49.29305148,7.6764228,A,0.9189775051124738,13.275911018388857
33.93761498,-0.05427961,A,0.9189775051124738,13.275911018388857
64.67153085,14.62964402,K,-0.6808563273073253,0.22362696511302643
72.66493381,17.73519276,K,-5.21,1010.24
73.87148317,18.16704834,F,2.49,3.17
41.77464914,3.93448802,M,-1.2799270072992703,0.021972455607761267
32.66115923,-0.72275768,B,-0.1975961538461539,24693.029699168907
107.06522322,26.10450556,A,-0.21,161.83
46.81363841,6.43619787,K,-0.6808563273073253,0.22362696511302643
327.745296,-25.14797139,B,-0.1975961538461539,24693.029699168907
67.8999382,15.89727446,G,2.75,1.88
14.24702754,-9.89090417,F,1.7449286314021815,2.6843617841590257
326.52205414,-25.35609975,F,2.69,2.49
4.05460233,-14.41675157,K,-3.55,270.7
38.05388473,1.98945799,K,-0.6808563273073253,0.22362696511302643
45.87251452,5.93456632,B,-0.1975961538461539,24693.029699168907
28.25028395,-3.02564608,G,2.63,1.71
319.75444839,-26.2732009,A,1.38,33.54
66.93362096,15.49412615,B,-1.14,837.66
90.05759091,22.98485335,B,-0.1975961538461539,24693.029699168907
325.39771649,-25.53954112,K,-0.6808563273073253,0.22362696511302643
87.41350887,22.31168807,K,-2.67,158.06
79.83005816,20.10991615,K,-0.38,19.06
15.41301225,-9.3871383,K,-0.6808563273073253,0.22362696511302643
358.32478848,-16.7316161,K,-0.6808563273073253,0.22362696511302643
5.55402934,-13.82222728,G,1.5541858141858127,1.4605227901814972
71.97413703,17.40948168,A,1.26,14.81
65.79920785,15.00359069,K,-4.31,345.04
114.37865131,26.78724805,A,1.11,33.26
70.17934432,16.72459649,F,0.21,28.66
24.85511891,-4.80693806,A,0.9189775051124738,13.275911018388857
46.85041297,6.34997624,A,0.9189775051124738,13.275911018388857
341.33221305,-22.25350885,K,3.55,0.65
38.57626279,2.17532137,K,-0.6808563273073253,0.22362696511302643
334.96463954,-23.79521402,K,-0.6808563273073253,0.22362696511302643
97.61875611,24.59872354,A,1.61,19.34
29.10222935,-2.67651092,A,1.94,11.72
14.00080583,-10.09909301,G,-5.43,1881.2
4.83452556,-14.1660987,K,-0.6808563273073253,0.22362696511302643
66.14859302,15.113642,F,1.13,11.11
349.14542863,-19.98605373,F,1.45,7.17
66.84736898,15.39192507,K,-0.6808563273073253,0.22362696511302643
51.58544299,8.62402857,F,1.7449286314021815,2.6843617841590257
7.27970431,-13.13916026,G,2.52,2.05
344.83690097,-21.30458329,G,1.5541858141858127,1.4605227901814972
341.90955997,-22.12274597,K,3.67,0.36
341.91271855,-22.12232877,K,4.63,0.13
46.64119553,6.19884362,F,2.07,4.44
12.90028748,-10.64172713,B,-0.1975961538461539,24693.029699168907
359.62761208,-16.29960961,K,4.61,0.19
349.16393552,-20.00259929,A,0.86,38.9
12.74346138,-10.72402731,K,-5.74,2677.45
44.89693705,5.31939335,K,-0.6808563273073253,0.22362696511302643
21.05570437,-6.76382022,B,-0.1975961538461539,24693.029699168907
66.91608256,15.38552442,A,1.36,21.09
69.27632051,16.31368661,A,0.9189775051124738,13.275911018388857
26.71726257,-3.94672271,A,0.9189775051124738,13.275911018388857
68.78408473,16.12051001,A,0.9189775051124738,13.275911018388857
58.43256692,11.76434291,K,-2.76,127.23
66.7453974,15.31012984,B,0.77,102.43
31.87323904,-1.32610872,F,2.85,2.0
71.08025697,16.99723954,F,1.01,11.65
35.9001448,0.7318739,A,0.9189775051124738,13.275911018388857
318.80692715,-26.40876156,G,3.22,1.3
336.95600709,-23.38364645,F,2.82,2.21
72.79891279,17.62588988,G,1.5541858141858127,1.4605227901814972
15.33909324,-9.54968934,B,-0.1975961538461539,24693.029699168907
355.58467411,-17.85649244,F,1.7449286314021815,2.6843617841590257
45.21343442,5.4248422,B,-0.1975961538461539,24693.029699168907
42.89967472,4.26339825,K,-4.1,395.65
10.89243293,-11.61951744,B,-0.15,67.79
29.16686704,-2.7524557,G,3.38,1.08
102.14999045,25.35475063,K,-2.79,185.71
21.64004095,-6.53776622,M,-1.2799270072992703,0.021972455607761267
8.04275369,-12.89869736,F,0.86,10.75
51.52157024,8.48819738,G,-2.27,100.95
335.34464587,-23.77352335,K,-0.6808563273073253,0.22362696511302643
42.75545517,4.15834157,M,-1.2799270072992703,0.021972455607761267
350.96873935,-19.4782897,A,0.9189775051124738,13.275911018388857
49.94017248,7.71826932,K,-0.6808563273073253,0.22362696511302643
82.52038413,20.826165,K,-0.94,37.07
66.92568396,15.32234051,M,-8.34,4335.24
15.36270326,-9.59169975,B,-0.1975961538461539,24693.029699168907
88.7431405,22.55568966,F,2.05,5.34
34.97090488,0.18204029,A,1.76,6.88
342.75550007,-21.9561515,F,2.8,2.12
43.50813413,4.52898894,K,-0.6808563273073253,0.22362696511302643
44.035123,4.79249891,K,-0.6808563273073253,0.22362696511302643
12.9310379,-10.73038864,K,4.51,0.14
346.53385667,-20.88222767,A,-1.37,220.77
51.762018,8.58323518,A,0.09,56.32
43.51722231,4.52315081,G,1.5541858141858127,1.4605227901814972
354.32499828,-18.34918747,F,1.7449286314021815,2.6843617841590257
49.54860482,7.50906323,F,1.7449286314021815,2.6843617841590257
356.47816576,-17.57933466,F,1.7449286314021815,2.6843617841590257
7.23950397,-13.28151853,K,-0.6808563273073253,0.22362696511302643
41.92187537,3.70488157,K,-0.87,28.82
34.97297481,0.15580633,K,-0.6808563273073253,0.22362696511302643
8.94260175,-12.5507525,B,-0.1975961538461539,24693.029699168907
60.72531203,12.68197686,A,0.9189775051124738,13.275911018388857
356.8406338,-17.4575904,K,-0.6808563273073253,0.22362696511302643
32.64264027,-1.05044899,B,-0.1975961538461539,24693.029699168907
355.84529958,-17.82705019,G,-0.9,33.32
51.07328624,8.21745291,A,1.18,22.76
19.32585413,-7.75377263,B,-3.56,1397.97
346.24808423,-20.99902674,G,1.5541858141858127,1.4605227901814972
352.75159917,-18.92755654,K,-0.6808563273073253,0.22362696511302643
53.63414979,9.42176895,G,1.5541858141858127,313.91
36.39625151,0.84517371,K,-0.6808563273073253,0.22362696511302643
347.49368304,-20.63105073,A,1.22,28.08
40.3883381,2.87742342,K,-0.6808563273073253,0.22362696511302643
78.6542342,19.56329286,F,1.7449286314021815,11.98
15.45278481,-9.62343846,B,-0.1975961538461539,24693.029699168907
305.62253294,-27.13767291,K,-2.1,81.07
47.01727555,6.20252049,B,0.77,43.9
34.38529214,-0.21012561,F,3.02,1.26
60.46753165,12.51828012,G,-0.99,36.14
2.00026636,-15.52292873,G,2.98,1.61
64.17957154,14.11236129,B,0.43,89.92
39.91203785,2.61037305,A,1.94,6.56
71.49240823,17.02513239,K,-1.31,55.01
61.51212872,12.96978131,K,-4.21,450.41
64.16880705,14.10534017,G,-3.86,543.03
13.54327145,-10.53767522,A,2.88,2.05
81.12594514,20.33579405,F,2.03,3.86
34.32556542,-0.26008155,F,1.98,6.34
23.93561462,-5.53677459,B,0.11,61.37
0.57937724,-16.09965311,G,1.5,4.07
342.90049314,-21.9899695,K,-0.55,23.67
1.17630846,-15.88300781,F,1.7449286314021815,2.6843617841590257
47.89331198,6.56433332,K,-0.6808563273073253,0.22362696511302643
25.48520029,-4.81028852,K,-1.16,27.35
331.40063231,-24.65454636,K,-0.6808563273073253,0.22362696511302643
12.90556804,-10.89101269,K,-2.71,127.0
2.4819506,-15.38886577,G,3.39,0.97
66.82785391,15.1416703,A,0.78,44.19
94.87487705,23.91784688,F,1.7449286314021815,2.6843617841590257
62.91213733,13.49173127,G,-1.92,90.08
68.08353129,15.62667622,K,-0.6808563273073253,0.22362696511302643
62.72162503,13.40528164,B,0.58,70.94
19.25030774,-7.93240641,B,1.06,23.78
61.20260666,12.74531028,G,-1.09,36.16
20.20933875,-7.46837137,F,0.92,12.08
9.55601787,-12.43506705,B,-1.78,1475.32
48.74220656,6.92892628,F,1.7449286314021815,2.6843617841590257
352.61881071,-19.08240394,F,1.7449286314021815,2.6843617841590257
358.9031497,-16.82824415,K,3.92,0.42
53.94600191,9.42068132,B,-0.1975961538461539,24693.029699168907
62.95779551,13.4871925,G,1.5541858141858127,1.4605227901814972
70.10608959,16.4024019,G,1.5541858141858127,1.4605227901814972
73.81487743,17.79114663,M,-6.64,382.16
57.69830921,11.15906601,G,1.5541858141858127,1.4605227901814972
3.67335471,-14.95528064,F,2.28,3.1
41.70697603,3.37841287,O,-1.0,80976.42962657007
359.01701053,-16.80230001,K,-1.65,61.73
50.57794129,7.79117879,A,1.22,13.75
70.15013786,16.40005305,A,-0.37,87.05
6.83663663,-13.65551832,G,-2.32,113.52
40.87229445,2.93469176,M,5.08,0.03
39.27901207,2.12203398,K,-1.65,56.88
91.09129654,23.01794047,K,-0.6808563273073253,0.22362696511302643
59.77366475,12.06137293,F,1.7449286314021815,2.6843617841590257
45.18479173,5.10872912,A,-0.13,79.17
313.95506701,-26.87078731,F,1.49,7.39
30.87873659,-2.18674238,K,-0.6808563273073253,0.22362696511302643
46.23207692,5.62293919,F,2.02,5.36
352.81396159,-19.05448292,G,1.84,4.15
93.3567181,23.54428086,K,-1.75,81.25
18.70921377,-8.26538289,F,2.0,5.09
8.44176606,-12.9938978,G,2.59,1.72
31.34743401,-1.96701788,A,1.34,18.35
77.2827905,18.96874941,K,-1.27,38.65
350.17294909,-19.93512301,F,1.7449286314021815,2.6843617841590257
324.06707513,-25.88166161,K,-1.16,43.16
37.34990028,1.10463221,G,-1.96,80.38
97.93280943,24.50295533,M,-1.2799270072992703,0.021972455607761267
91.62668456,23.13282594,K,-0.6808563273073253,0.22362696511302643
71.98942328,17.06662404,K,-3.04,175.48
1.68235515,-15.81398764,G,1.5541858141858127,1.4605227901814972
333.78352879,-24.24378248,A,0.9189775051124738,13.275911018388857
320.08679695,-26.36608269,K,-0.6808563273073253,0.22362696511302643
37.2117089,1.0017652,G,0.35,10.4
56.52570986,10.53469323,A,1.19,24.9
44.93119249,4.91204676,A,0.9189775051124738,13.275911018388857
337.90613433,-23.35851194,F,2.31,4.16
18.75807271,-8.30281142,F,2.5,3.1
39.81156291,2.31163207,G,-1.72,70.26
339.82187555,-22.90389735,K,-0.6808563273073253,0.22362696511302643
33.66270923,-0.84466449,B,-0.1975961538461539,24693.029699168907
33.73378245,-0.80833169,G,1.5541858141858127,1.4605227901814972
70.20119851,16.34732128,K,-0.6808563273073253,0.22362696511302643
359.83358701,-16.57713995,K,-0.6808563273073253,0.22362696511302643
112.79746591,26.592274,A,0.68,30.88
36.50035967,0.60106464,A,0.89,24.6
357.08566055,-17.61042147,G,2.14,3.12
60.81679554,12.44177263,A,0.9189775051124738,13.275911018388857
16.77681996,-9.27156535,F,2.24,4.51
20.15993233,-7.65075169,F,1.73,6.75
32.77770012,-1.32033785,K,-0.57,20.23
354.40285351,-18.57829016,G,3.51,0.86
17.35026465,-9.01244252,K,-1.25,32.12
28.31840774,-3.60166391,G,3.14,1.09
54.58305902,9.57914644,K,3.99,0.28
66.0006461,14.64163237,K,-2.43,109.14
76.38361634,18.59541406,B,0.96,35.95
71.48848661,16.8136863,G,2.46,2.24
325.47644178,-25.71765706,G,1.5541858141858127,1.4605227901814972
336.59948784,-23.68533888,A,0.9189775051124738,13.275911018388857
79.66363921,19.6928191,K,-3.09,174.47
74.1335078,17.78801898,A,0.35,48.62
7.90556312,-13.32886513,F,1.66,7.27
313.34147511,-26.92862071,A,-1.05,198.44
10.79209536,-12.07019941,G,2.48,2.45
39.79638491,2.23271992,F,-0.18,45.97
12.52964571,-11.2893789,B,-0.59,171.38
64.09426291,13.81294747,B,-0.1975961538461539,24693.029699168907
49.54480268,7.11085297,B,-0.62,269.94
86.65385294,21.7790615,K,-0.6808563273073253,0.22362696511302643
47.17785964,5.93393551,G,0.54,14.67
49.64876638,7.15138495,K,-1.47,59.94
339.72989044,-22.9798675,K,-0.6808563273073253,0.22362696511302643
324.7126485,-25.8418021,K,-0.6808563273073253,0.22362696511302643
6.65203354,-13.90329053,A,1.79,9.85
76.54991344,18.60832202,K,-0.6808563273073253,0.22362696511302643
356.56078715,-17.87394838,F,1.61,7.73
40.53555587,2.56618266,B,-0.1975961538461539,24693.029699168907
62.17188013,12.9473132,K,-0.6808563273073253,0.22362696511302643
353.65672794,-18.90301041,G,1.5541858141858127,1.4605227901814972
37.21768401,0.85414119,A,1.09,18.76
355.19663363,-18.37406303,G,1.5541858141858127,1.4605227901814972
340.53626723,-22.79480038,K,-0.6808563273073253,0.22362696511302643
337.55153002,-23.50954016,K,-0.6808563273073253,0.22362696511302643
16.65841778,-9.43481011,G,-1.18,45.57
37.2191289,0.84810199,A,0.96,21.05
84.47297523,21.13027967,M,3.64,0.42
353.85169756,-18.85143798,K,-2.03,71.31
54.17881326,9.28435625,A,1.16,13.77
32.76997581,-1.44740643,A,1.75,10.24
2.05825753,-15.82353907,F,2.95,1.87
51.2476323,7.87536061,B,-0.1975961538461539,24693.029699168907
340.4364392,-22.83116328,F,1.69,6.29
3.06076496,-15.42848353,F,1.96,4.39
29.55961057,-3.10060464,G,1.5541858141858127,0.39
75.42511946,18.17592991,G,2.87,1.81
75.41841676,18.1708599,F,2.14,4.14
31.89252176,-1.91936799,B,0.28,94.56
334.12418677,-24.26808621,F,1.7449286314021815,2.6843617841590257
23.37260117,-6.22145178,K,-3.95,0.22362696511302643
6.47050759,-14.03742946,G,1.5541858141858127,1.4605227901814972
41.65615899,3.07240089,A,0.9189775051124738,13.275911018388857
35.69977422,0.01762864,G,-2.1,99.33
95.68223466,23.95471203,G,-1.48,59.5
318.7887276,-26.54406559,F,1.51,7.36
355.96907792,-18.14484471,M,-1.2799270072992703,0.021972455607761267
4.58141116,-14.83907887,K,-3.0,161.29
353.22700475,-19.09937751,G,2.8,1.65
37.41357709,0.87621302,K,-0.6808563273073253,0.22362696511302643
327.80232833,-25.4208948,K,-0.6808563273073253,0.22362696511302643
5.34113577,-14.53850467,G,2.47,2.17
347.5437055,-20.92089225,G,-0.37,24.78
76.67333699,18.58166666,A,1.36,17.59
344.16152994,-21.89447786,A,2.0,13.41
12.60786316,-11.39491738,F,1.83,5.9
341.79593126,-22.52544383,A,0.9189775051124738,13.275911018388857
53.07406061,8.68599199,K,-0.6808563273073253,0.22362696511302643
77.56092953,18.87450875,F,2.29,2.91
37.31821502,0.79354397,G,3.23,1.31
348.48186377,-20.65459301,K,-0.6808563273073253,0.22362696511302643
58.92778752,11.40186177,K,-0.94,30.34
322.12009207,-26.20976816,A,0.9189775051124738,13.275911018388857
2.91659249,-15.55755984,K,-0.6808563273073253,0.22362696511302643
359.15707714,-17.02330714,B,0.09,270.73
330.19133852,-25.04268682,K,-0.6808563273073253,0.22362696511302643
345.46706541,-21.55010285,F,1.77,6.83
52.67746091,8.46716203,K,-0.6808563273073253,0.22362696511302643
23.30659697,-6.33764598,A,0.9189775051124738,13.275911018388857
11.25623765,-12.04081252,K,-0.89,24.85
26.01179667,-5.00235181,A,1.07,21.75
17.86621519,-8.99445697,K,-3.68,227.11
87.87346324,22.01963728,K,-1.64,54.92
3.01600418,-15.54191646,G,2.65,2.1
1.14433641,-16.28222228,K,-0.6808563273073253,0.22362696511302643
20.2209756,-7.87013529,B,-0.3,64.72
58.44291777,11.14769213,K,-0.6808563273073253,0.22362696511302643
6.18622465,-14.24886009,G,3.05,1.08
59.03027441,11.41282637,F,1.7449286314021815,2.6843617841590257
20.97465121,-7.50875854,B,0.59,38.13
357.04962078,-17.82547118,G,-1.24,45.89
28.49237008,-3.7700019,A,1.71,8.5
98.94021712,24.57674543,G,2.96,1.58
43.19681211,3.72827913,B,-0.1975961538461539,24693.029699168907
3.98302227,-15.17686447,G,1.5541858141858127,1.4605227901814972
346.6904394,-21.23257025,K,-0.6808563273073253,0.22362696511302643
78.61053222,19.18141199,F,1.76,6.46
333.08412503,-24.53701546,K,-4.71,640.59
86.77963582,21.694591,F,0.45,23.58
3.0552892,-15.56899375,B,0.44,69.0
328.28645748,-25.38771694,F,-3.18,346.01
35.75299507,-0.10690016,F,0.91,12.09
63.34840228,13.26626495,F,2.79,1.65
81.43715617,20.08167,A,0.9189775051124738,13.275911018388857
54.01530906,9.01574438,F,2.02,5.47
351.50995113,-19.77773044,G,1.5541858141858127,1.4605227901814972
75.80640482,18.18165892,A,0.16,62.2
56.93835205,10.3873887,A,1.82,14.59
62.63539517,12.95039514,B,1.67,20.79
55.21524438,9.58043063,K,-0.6808563273073253,0.22362696511302643
28.35997104,-3.90857777,K,-1.43,57.51
357.65229049,-17.66495624,K,-2.13,73.94
34.90991117,-0.56947623,F,0.73,13.28
81.65851752,20.14352558,F,2.32,4.26
359.76586911,-16.88141197,G,3.24,1.28
62.50896577,12.88788579,A,0.39,32.06
48.51494437,6.32690792,K,-0.6808563273073253,0.22362696511302643
68.95014471,15.57852059,K,-0.6808563273073253,0.22362696511302643
349.01341663,-20.57661543,K,-0.6808563273073253,0.22362696511302643
8.02241399,-13.55060114,G,2.75,2.0
65.19830148,14.0327504,F,1.9,4.75
57.03489481,10.41200891,A,0.92,22.61
11.99968792,-11.81708889,A,0.9189775051124738,13.275911018388857
10.51149879,-12.48039773,K,-0.6808563273073253,0.22362696511302643
66.73256133,14.66215577,K,-3.43,268.19
57.71804597,10.71385641,A,0.9189775051124738,13.275911018388857
46.81813609,5.45897669,G,-1.9,57.06
38.94826633,1.46398958,K,-0.6808563273073253,0.22362696511302643
45.51000741,4.79896253,F,-0.51,59.97
83.91169129,20.81522259,K,-0.6808563273073253,0.22362696511302643
352.71095369,-19.42068121,B,-0.26,190.5
43.05859001,3.5423665,F,2.4,4.33
35.85377127,-0.14195368,B,-2.3,701.01
329.2748333,-25.26046817,F,1.88,7.07
92.67659919,23.17596434,G,1.5541858141858127,24.46
357.77904815,-17.66558149,F,1.7449286314021815,2.6843617841590257
340.5010539,-22.95827308,F,1.91,7.66
352.32992182,-19.55792131,G,-1.16,37.54
14.98545812,-10.50388246,A,-4.43,3099.63
332.47365798,-24.7036016,B,-0.1975961538461539,24693.029699168907
102.95918053,25.2495902,K,-0.6808563273073253,0.22362696511302643
49.39516231,6.68700675,F,1.7449286314021815,2.6843617841590257
75.803977,18.11753979,K,-0.6808563273073253,0.22362696511302643
95.25339259,23.75695543,G,1.64,6.18
72.16217764,16.76711788,F,0.87,14.41
21.88218414,-7.2389686,B,-0.1975961538461539,24693.029699168907
356.37583676,-18.19836428,F,2.59,2.63
50.22469922,7.08151975,B,-0.1975961538461539,24693.029699168907
88.32688567,22.04281199,A,0.78,34.9
340.34377949,-23.02756893,M,-1.2799270072992703,0.09
69.11722382,15.55817081,A,0.9189775051124738,13.275911018388857
354.53858071,-18.86294714,F,1.99,4.25
16.48441578,-9.85832911,K,5.13,0.06
63.47722258,13.20045746,F,0.01,42.03
356.79577145,-18.07840317,A,1.85,9.06
354.94647139,-18.73123977,F,2.29,3.29
24.68216453,-5.90321954,G,1.5541858141858127,1.4605227901814972
16.39214248,-9.91515247,B,-0.1975961538461539,24693.029699168907
33.16594906,-1.61093273,K,-0.74,24.2
42.41887663,3.117623,A,0.9189775051124738,13.275911018388857
103.87986701,25.37736862,K,4.28,0.3
38.0771968,0.88531001,B,-0.1975961538461539,24693.029699168907
307.91575042,-27.16125476,M,-1.2799270072992703,0.021972455607761267
42.28228827,3.03044381,G,1.5541858141858127,1.4605227901814972
42.28142102,3.02627205,G,1.5541858141858127,1.4605227901814972
14.60992446,-10.77732754,G,-4.26,690.93
340.88672374,-22.92645065,A,0.9189775051124738,13.275911018388857
52.28470931,8.00077484,B,-0.1975961538461539,24693.029699168907
22.19393815,-7.18193219,F,2.65,2.54
14.03181789,-11.05758233,K,-0.6808563273073253,0.22362696511302643
340.21213828,-23.10118373,G,1.5541858141858127,1.4605227901814972
15.90400607,-10.1981001,K,-0.6808563273073253,0.22362696511302643
349.90915988,-20.43148843,M,-1.2799270072992703,0.021972455607761267
31.93621889,-2.31230426,B,-0.1975961538461539,24693.029699168907
67.16059649,14.68425995,K,-0.71,22.97
99.19262045,24.52268256,K,-1.01,35.59
351.7000796,-19.88444011,G,3.67,1.4605227901814972
108.49804859,26.02211708,F,1.73,7.22
354.33195943,-19.0171145,G,1.5541858141858127,1.4605227901814972
358.44921785,-17.56231054,G,2.3,2.77
75.01416372,17.72154147,A,0.32,45.18
38.94024375,1.2376695,M,5.17,0.05
349.19376048,-20.68128969,K,4.29,0.21
23.38870576,-6.6610254,B,-0.1975961538461539,24693.029699168907
68.51302517,15.20637957,B,-0.11,195.43
86.47673065,21.44876124,A,0.9189775051124738,13.275911018388857
51.89454441,7.73785701,K,-0.6808563273073253,0.22362696511302643
45.6877937,4.66205383,K,-0.6808563273073253,0.22362696511302643
77.18915052,18.48496011,G,2.87,1.65
0.81840547,-16.69671882,G,1.5541858141858127,1.4605227901814972
47.26387165,5.44221165,K,-0.6808563273073253,0.22362696511302643
59.02968032,11.09693338,K,-2.01,87.18
90.53020829,22.54253645,A,0.9189775051124738,13.275911018388857
345.40039005,-21.80089588,K,-0.6808563273073253,0.22362696511302643
5.54711518,-14.82673004,F,-0.05,28.27
39.77766596,1.63644155,B,-0.1975961538461539,24693.029699168907
44.40842138,3.99125188,A,0.9189775051124738,13.275911018388857
310.3238917,-27.12769404,B,0.29,90.83
15.28447698,-10.58244886,O,-1.0,80976.42962657007
106.57783888,25.74771739,M,4.0,0.4
4.83561301,-15.1374484,F,1.7449286314021815,2.6843617841590257
55.868593,9.59710283,A,-0.02,64.84
339.031002,-23.43910771,F,1.7449286314021815,2.6843617841590257
7.52380824,-14.03229717,B,-0.1975961538461539,24693.029699168907
49.20501951,6.36328494,F,-4.79,1530.05
359.30207769,-17.30513413,K,-2.95,0.22362696511302643
4.27344786,-15.38655879,K,-1.16,37.1
55.08884743,9.20485224,F,2.33,3.13
37.08136371,0.19155956,B,-0.1975961538461539,24693.029699168907
69.85369147,15.68172491,A,1.01,32.28
39.19169254,1.27428783,M,-1.2799270072992703,0.021972455607761267
41.31856897,2.36130444,F,1.56,11.31
11.17353578,-12.48221356,B,-1.37,234.03
69.52294543,15.54624442,K,-0.6808563273073253,0.22362696511302643
5.36761716,-14.95774051,K,-2.95,124.62
33.71121823,-1.54826593,K,-0.6808563273073253,0.22362696511302643
53.48326953,8.41875515,G,3.82,0.5
77.84788233,18.65594835,F,2.6,2.52
39.27751775,1.30135429,F,1.29,8.78
315.13459295,-26.9301737,M,-1.2799270072992703,0.021972455607761267
13.36314231,-11.52133358,A,1.41,19.03
96.87800612,24.00108106,A,0.9189775051124738,13.275911018388857
34.79538491,-1.00852828,A,0.09,44.28
93.80434144,23.30823943,F,1.58,7.94
66.7943409,14.41093546,F,1.7449286314021815,13.45
83.1157718,20.38228712,M,-1.2799270072992703,0.021972455607761267
69.99350968,15.71266591,K,-2.05,99.64
1.72921883,-16.43001559,A,0.9189775051124738,13.275911018388857
343.57374356,-22.35277574,A,-1.47,488.26
2.32887099,-16.19780499,A,0.59,46.57
55.06609493,9.15237467,G,-1.37,44.27
331.82904909,-24.94908441,K,-2.55,101.66
0.71146273,-16.82913218,G,1.52,6.12
65.56140845,13.87892141,G,1.5541858141858127,1.4605227901814972
45.02876397,4.20076486,B,-0.1975961538461539,24693.029699168907
13.24981839,-11.59839905,A,0.9189775051124738,13.275911018388857
63.55999381,13.01410606,A,0.9189775051124738,13.275911018388857
56.39409888,9.76506362,K,-0.6808563273073253,0.22362696511302643
112.25833948,26.42873039,K,-1.33,51.77
57.14172372,10.10975133,B,0.61,32.39
90.90669431,22.57960354,B,0.73,58.95
111.08470772,26.30067782,K,-0.6808563273073253,0.22362696511302643
335.92056124,-24.17519875,K,-4.39,478.26
20.49989402,-8.23247331,F,1.09,10.59
105.30373181,25.52973586,F,-0.04,39.94
62.21093896,12.3941276,A,0.9189775051124738,13.275911018388857
339.41539219,-23.41013114,M,-1.2799270072992703,0.021972455607761267
5.62641473,-14.9223622,G,1.5541858141858127,1.4605227901814972
93.17145201,23.12927728,K,-0.6808563273073253,0.22362696511302643
343.6345846,-22.37167715,G,1.5541858141858127,1.4605227901814972
52.19831298,7.71549267,B,-0.1975961538461539,24693.029699168907
51.1981282,7.22583324,B,-0.1975961538461539,24693.029699168907
84.93319854,20.89803677,A,1.0,17.75
359.54289125,-17.31715871,F,1.48,8.93
51.45458719,7.33675386,B,-1.1,335.13
316.8884031,-26.83371766,K,-0.6808563273073253,0.22362696511302643
70.88424582,15.99852295,B,-0.74,626.11
113.65644067,26.557923,M,-1.2799270072992703,0.021972455607761267
46.16144278,4.69856652,A,0.83,21.97
28.74383946,-4.19627531,B,0.3,39.15
345.74359138,-21.82147655,G,1.87,3.61
341.55031728,-22.92262165,G,1.5541858141858127,1.4605227901814972
347.67740089,-21.27833077,G,1.5541858141858127,1.4605227901814972
60.97146428,11.79186486,G,3.41,0.98
345.12016221,-22.00119636,G,1.5541858141858127,1.4605227901814972
100.31552283,24.65125964,B,0.24,289.02
348.16576456,-21.14290247,K,-2.88,150.2
27.22384898,-4.98907229,B,-0.1975961538461539,24693.029699168907
29.56657327,-3.8066956,F,1.78,6.48
0.66881146,-16.93151625,G,1.19,13.76
67.26773756,14.50592524,K,-0.6808563273073253,0.22362696511302643
355.41656319,-18.83795739,B,-0.1975961538461539,24693.029699168907
63.31836119,12.81151731,A,-3.27,2093.57
33.33918001,-1.89942677,K,3.94,0.44
8.63100739,-13.74324288,F,1.7449286314021815,2.6843617841590257
80.84453858,19.56521423,G,-1.61,60.66
79.35807093,19.06378262,A,0.39,46.16
22.51990335,-7.36052185,B,0.71,31.05
63.72755446,12.96723405,A,0.39,43.02
19.55778758,-8.81233891,A,0.93,23.36
45.94143995,4.50238935,F,0.5,16.29
73.85171954,17.0774236,A,0.17,80.07
50.02336206,6.54121515,F,1.7449286314021815,2.6843617841590257
348.416401,-21.11066426,M,5.96,0.02
7.75541832,-14.14807341,F,1.93,4.34
25.79215877,-5.77345439,F,2.03,4.83
357.19470831,-18.26697168,B,0.59,65.45
69.51402786,15.36331264,B,-0.38,583.4
47.30384464,5.15795248,A,0.9189775051124738,13.275911018388857
27.7110335,-4.83533678,B,-0.1975961538461539,24693.029699168907
14.64510836,-11.14444991,B,-0.1975961538461539,24693.029699168907
62.40408664,12.33815048,F,-0.06,46.96
27.45438954,-4.97573096,B,-0.1975961538461539,24693.029699168907
26.53609265,-5.4391838,G,1.5541858141858127,1.4605227901814972
9.38847212,-13.49176026,K,-0.6808563273073253,0.22362696511302643
42.85307902,2.88202861,B,-0.1975961538461539,24693.029699168907
32.61112729,-2.3740386,A,0.9189775051124738,13.275911018388857
351.05711751,-20.34632619,K,-0.6808563273073253,0.22362696511302643
342.67578595,-22.72251884,K,-0.6808563273073253,0.22362696511302643
71.85040498,16.2589759,M,-1.2799270072992703,0.021972455607761267
349.39199667,-20.86181702,F,1.7449286314021815,2.6843617841590257
16.46137919,-10.3535689,M,-6.37,731.81
22.33205008,-7.5541978,B,-0.24,146.34
346.30622592,-21.76473621,G,2.3,3.0
0.75876989,-17.00888076,F,1.7449286314021815,2.6843617841590257
77.03871203,18.1848959,K,-1.32,42.25
352.62598092,-19.86424522,F,2.86,1.78
49.0951104,5.99089398,B,-0.1975961538461539,24693.029699168907
73.18784998,16.7589819,B,0.85,63.1
24.37848964,-6.56215706,G,1.5541858141858127,1.4605227901814972
319.31947584,-26.68484549,K,-2.8,152.28
17.12109704,-10.05894587,G,-3.48,345.53
21.20714479,-8.12107058,B,-0.1975961538461539,24693.029699168907
73.89014044,17.01767153,K,-0.6808563273073253,26.78
101.58439638,24.83654611,K,-1.25,50.61
324.77789648,-26.11627536,A,0.71,23.12
12.78554078,-12.05450573,K,-0.6808563273073253,0.22362696511302643
88.80852768,21.89565933,A,1.26,15.88
93.398053,23.07966827,A,0.9189775051124738,8.56
14.13035734,-11.47641816,K,-0.6808563273073253,0.22362696511302643
51.2663768,7.01955924,B,-0.1975961538461539,24693.029699168907
47.29433313,5.04035024,K,-0.6808563273073253,73.24
31.33900292,-3.11302952,B,-0.18,70.5
50.31092822,6.54188247,A,0.9189775051124738,13.275911018388857
58.32732667,10.39336393,B,-0.1975961538461539,24693.029699168907
40.9740286,1.82396744,M,5.09,0.06
19.38961656,-9.03959296,K,-1.18,38.33
356.15410488,-18.73548658,B,0.84,51.58
44.61433259,3.66465413,K,-0.6808563273073253,0.22362696511302643
48.36623787,5.55420983,F,2.55,3.0
64.70272204,13.23861651,F,-1.74,189.48
20.12392001,-8.71206982,A,0.9189775051124738,13.275911018388857
2.1845448,-16.53886167,K,-0.04,16.61
57.41473356,9.93691884,K,-2.94,119.13
342.57840727,-22.81037339,G,2.82,1.55
2.70438646,-16.35996191,G,1.5541858141858127,1.4605227901814972
44.07883219,3.35205904,F,1.7449286314021815,2.6843617841590257
39.36990719,0.93972706,G,-1.18,45.23
338.33000907,-23.82545351,G,-1.74,71.58
335.90161951,-24.34074556,K,-0.6808563273073253,0.22362696511302643
11.76923851,-12.60719468,B,-0.1975961538461539,24693.029699168907
356.87274236,-18.53293067,G,1.5541858141858127,1.4605227901814972
73.45752822,16.7604865,A,1.48,11.48
333.40247746,-24.83362017,A,0.9189775051124738,13.275911018388857
45.38112613,3.98299808,B,-0.1975961538461539,24693.029699168907
94.50468944,23.29975762,G,3.22,1.05
54.31830399,8.41131829,M,-5.59,0.021972455607761267
323.60545701,-26.29553295,A,0.9,32.96
323.16506406,-26.34520634,B,0.02,113.14
45.38386926,3.97927587,K,-0.6808563273073253,0.22362696511302643
38.00841178,0.20571213,B,-0.32,86.42
58.11131838,10.20663962,B,0.21,113.33
309.22456053,-27.19698523,F,2.89,1.8
8.34745808,-14.10957155,A,2.38,5.67
62.90550654,12.38180933,K,-6.06,2677.33
347.25453349,-21.60019895,K,-0.6808563273073253,0.22362696511302643
325.36332135,-26.08793388,G,2.15,2.79
16.50274188,-10.49626934,F,2.25,4.04
353.45815794,-19.70833575,K,-0.18,14.13
106.33055711,25.59258766,G,1.84,5.9
30.97390633,-3.4139659,A,0.9189775051124738,13.275911018388857
328.97694012,-25.58911083,K,-1.78,88.1
13.03065521,-12.09079051,F,1.7449286314021815,2.6843617841590257
4.34706941,-15.76632008,F,0.52,19.02
41.11611016,1.77511931,B,-0.1975961538461539,24693.029699168907
344.68029451,-22.31686016,G,1.5541858141858127,1.4605227901814972
36.87220152,-0.41119098,B,-0.1975961538461539,24693.029699168907
102.47578104,24.94209324,A,0.9189775051124738,13.275911018388857
335.96464949,-24.3680907,G,-2.32,139.97
91.28897281,22.47117158,K,-0.6808563273073253,0.22362696511302643
91.75314559,22.59085624,G,2.15,3.79
26.43026899,-5.75668533,B,-0.1975961538461539,24693.029699168907
80.6379985,19.28858957,B,-0.67,926.61
36.55991906,-0.60865552,K,-1.03,31.0
60.12618827,11.07312313,A,0.9189775051124738,13.275911018388857
47.61388021,5.02794725,B,-0.1975961538461539,24693.029699168907
10.13240315,-13.41207372,K,-0.6808563273073253,0.22362696511302643
332.9519022,-24.95212132,F,1.7449286314021815,2.6843617841590257
59.71393434,10.875626,G,1.5541858141858127,1.4605227901814972
101.6379064,24.77814312,A,0.97,21.68
347.69361877,-21.52339955,G,1.5541858141858127,1.4605227901814972
341.47818934,-23.16054386,K,-1.56,58.09
71.00457938,15.73018972,M,-5.8,353.58
42.33684318,2.32464276,K,4.26,0.24
68.44114395,14.67764763,A,-0.67,83.12
114.736682,26.60461769,B,-0.1975961538461539,24693.029699168907
66.38292586,13.80973402,B,1.27,28.18
64.43180368,12.96292418,K,-0.6808563273073253,0.22362696511302643
11.31009452,-12.93730787,K,-3.02,149.02
50.02512794,6.19144837,A,0.9189775051124738,13.275911018388857
31.76743197,-3.11758164,F,2.65,2.52
69.72377313,15.19216005,F,0.92,12.37
18.21472467,-9.80444432,F,2.08,4.76
75.86787234,17.56909756,K,3.83,0.4
86.70374222,21.16368107,B,-0.1975961538461539,24693.029699168907
355.386704,-19.15357554,F,3.13,1.47
30.10457402,-3.97652574,A,0.9189775051124738,13.275911018388857
27.36762429,-5.3641659,F,2.1,4.6
344.25000944,-22.49713712,M,-1.2799270072992703,0.021972455607761267
53.87675737,8.05518446,K,3.84,0.48
71.98222462,16.07367137,F,2.11,5.2
8.78008081,-14.05732693,B,-0.1975961538461539,24693.029699168907
70.21986179,15.36295865,B,-0.1975961538461539,24693.029699168907
44.85676184,3.54911334,A,0.9189775051124738,13.275911018388857
50.44654992,6.35937897,G,-1.14,37.11
47.05098878,4.65966001,F,1.77,6.13
82.39876278,19.8121616,G,2.1,3.92
354.0524929,-19.62439798,G,2.28,2.57
70.24217989,15.36677853,G,-1.62,70.97
16.23562529,-10.77179217,K,-0.6808563273073253,0.22362696511302643
55.26396068,8.70272545,A,1.88,9.15
348.48600324,-21.35452956,K,-1.39,51.31
9.71419963,-13.70046053,K,-0.6808563273073253,0.22362696511302643
85.83102151,20.86468775,G,-2.21,152.8
51.01415663,6.60080251,G,4.15,0.43
33.58943393,-2.28082514,G,-1.48,57.93
54.83636472,8.45764184,A,0.9189775051124738,13.275911018388857
336.76817457,-24.2774488,K,-0.6808563273073253,0.22362696511302643
355.43765324,-19.20014786,K,-0.6808563273073253,0.22362696511302643
88.03847686,21.50205911,F,0.68,18.02
58.30795653,10.0948209,B,1.8,13.55
46.95854782,4.54610611,F,1.7449286314021815,2.6843617841590257
72.55257916,16.23627643,F,2.85,2.03
35.23523799,-1.4595744,K,-0.6808563273073253,0.22362696511302643
357.7706267,-18.41215964,G,-1.34,39.48
64.5329995,12.8904281,K,-1.61,63.76
99.48306752,24.29956593,A,0.9189775051124738,13.275911018388857
49.36648838,5.72399186,F,2.62,2.38
57.74247818,9.79558202,B,-0.1975961538461539,24693.029699168907
329.26745517,-25.63573716,K,-0.6808563273073253,0.22362696511302643
76.68202133,17.77289878,M,-1.2799270072992703,0.021972455607761267
83.33769778,20.04885383,F,2.16,4.83
3.48435402,-16.31656454,F,0.43,24.85
42.41351905,2.18348646,A,2.06,10.68
38.88281178,0.36582523,K,4.11,0.25
37.67876364,-0.25445339,F,2.11,3.53
51.90013255,6.95989449,B,-0.1975961538461539,24693.029699168907
81.4790563,19.43682823,K,-0.6808563273073253,0.22362696511302643
64.30448191,12.76400095,A,-0.12,163.02
359.76386329,-17.73380712,B,-0.1975961538461539,24693.029699168907
61.44919264,11.48417875,K,-0.6808563273073253,0.22362696511302643
324.69598167,-26.25914974,F,1.92,5.52
359.76454259,-17.73730805,B,-0.1975961538461539,24693.029699168907
333.12091016,-25.01613207,K,-0.6808563273073253,0.22362696511302643
329.5008295,-25.6138475,G,3.61,0.71
51.26350219,6.62765356,K,-1.42,58.47
7.81804266,-14.59409784,G,3.32,1.23
78.21141592,18.29722136,K,-1.84,74.18
48.00775138,4.99778004,G,3.24,1.04
337.39690189,-24.1933418,G,1.72,4.3
52.03422136,6.99304669,B,-0.1975961538461539,24693.029699168907
66.07044365,13.50596135,G,1.5541858141858127,1.4605227901814972
30.08090751,-4.18144469,K,-4.12,0.22362696511302643
71.76981727,15.8622956,A,1.14,27.35
36.25371095,-1.03548494,K,-0.02,13.7
0.84325588,-17.36764561,G,1.5541858141858127,1.4605227901814972
35.85725481,-1.2479633,G,-1.45,53.84
58.48445578,10.07498016,B,-0.1975961538461539,24693.029699168907
22.0945318,-8.16708273,A,2.15,5.78
45.61663151,3.75446752,B,-0.1975961538461539,24693.029699168907
66.27029349,13.57055698,F,1.91,6.0
346.56274798,-22.00219823,K,-0.6808563273073253,0.22362696511302643
350.33318033,-20.91918592,F,1.7449286314021815,2.6843617841590257
8.93683992,-14.16961943,G,1.5541858141858127,1.4605227901814972
57.62077079,9.65320762,B,-0.64,295.61
357.92146748,-18.44532155,F,1.7449286314021815,2.6843617841590257
53.27542926,7.56310297,B,-0.63,119.21
59.56728652,10.56134073,B,-0.1975961538461539,24693.029699168907
60.58937499,11.02739346,A,0.41,54.17
21.76974958,-8.34966303,K,4.52,0.18
34.19090432,-2.13346623,F,1.7449286314021815,2.6843617841590257
63.52783924,12.347032,F,2.77,2.14
74.65553783,16.9431885,B,1.49,29.38
44.68705859,3.24384619,A,0.9189775051124738,13.275911018388857
332.60261955,-25.1402602,G,1.5541858141858127,1.4605227901814972
52.66800007,7.244852,B,-0.1975961538461539,24693.029699168907
13.00642672,-12.43742301,G,1.5541858141858127,1.4605227901814972
40.54413889,1.11042611,F,2.67,3.23
57.72798391,9.67358736,K,-1.06,34.41
77.14927177,17.85570989,A,1.64,11.67
60.38748612,10.90479944,A,1.91,16.89
28.54498078,-5.03982443,B,-0.1975961538461539,24693.029699168907
2.41484216,-16.83574596,F,3.02,1.89
63.26859209,12.19831368,B,0.04,269.4
328.37982655,-25.82077477,K,-0.6808563273073253,0.22362696511302643
345.05503287,-22.44930064,G,2.1,3.09
315.70846216,-27.05055657,K,-0.6808563273073253,0.22362696511302643
36.38966841,-1.06888417,K,-4.43,0.22362696511302643
20.34586764,-9.0959415,K,-2.04,94.12
56.49400597,9.04513233,K,-4.14,441.37
357.11467582,-18.78867987,G,1.5541858141858127,1.4605227901814972
24.50393743,-7.09142045,B,-0.1975961538461539,24693.029699168907
351.76289171,-20.54582315,G,-1.41,50.16
13.52536139,-12.26488148,K,-0.6808563273073253,0.22362696511302643
352.79118149,-20.23256736,F,1.7449286314021815,2.6843617841590257
359.97540302,-17.7837247,B,-0.1975961538461539,17.4
74.15124629,16.69434213,K,-0.6808563273073253,0.22362696511302643
71.87908834,15.80432575,G,2.74,2.11
13.99131385,-12.0674133,A,0.9189775051124738,13.275911018388857
28.97669593,-4.88525068,K,-1.59,62.66
10.43254168,-13.63341781,A,0.5,26.09
2.76931313,-16.75202073,F,2.88,1.78
320.79313173,-26.7076787,G,3.48,0.92
59.33518172,10.3525189,K,-0.6808563273073253,0.22362696511302643
37.11976857,-0.73756199,B,-0.1975961538461539,24693.029699168907
53.97636332,7.78665727,K,-0.6808563273073253,0.22362696511302643
59.45182531,10.39161766,K,-0.6808563273073253,0.22362696511302643
64.44153567,12.64808951,B,-1.75,1100.88
45.27521003,3.42303482,B,-0.1975961538461539,24693.029699168907
109.21991758,25.90464864,K,-2.69,146.67
65.55329912,13.13245804,B,0.19,53.81
28.41880035,-5.20547977,A,0.98,15.92
61.10479573,11.14344774,F,1.7449286314021815,2.6843617841590257
54.00941623,7.78475433,A,0.67,33.89
18.48365018,-10.05154436,F,2.58,2.93
48.42943199,5.00997922,G,3.55,0.73
4.16881908,-16.2479714,K,-0.6808563273073253,0.22362696511302643
358.94892586,-18.20496875,G,1.5541858141858127,1.4605227901814972
51.22198976,6.39720592,G,1.82,4.73
359.93343659,-17.85162917,A,0.9189775051124738,13.275911018388857
5.24230714,-15.82966976,F,1.7449286314021815,2.6843617841590257
28.60810562,-5.14002606,K,-1.11,33.5
19.93389982,-9.39518776,A,0.9189775051124738,13.275911018388857
51.18925161,6.3614834,G,-2.12,90.98
327.38417012,-26.00216478,F,1.31,9.02
339.47210155,-23.8663157,G,1.92,3.48
14.1212779,-12.09089966,A,0.9189775051124738,13.275911018388857
54.7730577,8.10697012,A,1.83,11.81
356.27401863,-19.166137,B,-0.3,158.67
43.71226867,2.55935359,K,-0.6808563273073253,0.22362696511302643
40.59061246,0.95333862,B,-0.1975961538461539,24693.029699168907
46.99206304,4.22164922,B,-0.1975961538461539,24693.029699168907
90.47647648,22.01329328,K,-5.15,934.36
330.94063247,-25.49511785,B,-0.1975961538461539,24693.029699168907
18.96545606,-9.89415073,G,-0.74,26.56
357.64291978,-18.71062465,G,2.64,1.99
82.46960093,19.58603093,G,-2.48,153.43
4.58960212,-16.14042438,G,3.27,1.22
41.94260996,1.62739794,G,2.61,2.47
69.12776008,14.58586045,G,1.5541858141858127,1.4605227901814972
355.03491108,-19.6032131,A,0.77,49.29
41.94016891,1.61923738,G,1.5541858141858127,1.4605227901814972
1.54232918,-17.31582449,A,0.9189775051124738,13.275911018388857
77.54162922,17.86533442,A,0.43,31.21
68.41214061,14.27833837,K,-1.36,53.83
317.99006264,-26.9507365,G,1.5541858141858127,1.4605227901814972
350.24085379,-21.11802991,A,0.9189775051124738,13.275911018388857
4.2528381,-16.29183937,G,1.5541858141858127,1.4605227901814972
22.26340289,-8.35432744,A,0.8,21.54
7.9789911,-14.7970495,G,3.09,1.5
12.65236615,-12.80505492,B,-0.1975961538461539,24693.029699168907
309.74444298,-27.24927525,A,0.23,78.69
73.37305654,16.27171692,A,1.6,18.31
69.69833191,14.78264605,K,-0.6808563273073253,0.22362696511302643
56.89423461,9.0499793,B,-0.1975961538461539,24693.029699168907
7.32931482,-15.08722479,F,1.63,8.22
343.14612074,-23.06379581,F,1.72,5.36
55.81068555,8.52098449,K,1.73,4.39
41.62492598,1.40158364,K,-0.6808563273073253,0.22362696511302643
352.80383949,-20.36630262,F,1.7449286314021815,2.6843617841590257
100.29094643,24.33256505,F,2.64,2.25
5.80790347,-15.71590544,K,0.78,7.03
10.79716512,-13.6512201,K,-1.42,37.08
1.73862977,-17.30076279,F,2.22,4.34
42.75345584,1.96214558,K,-2.26,85.15
355.69280807,-19.44220326,F,1.21,8.26
315.05428203,-27.12450577,F,1.12,10.33
67.40578105,13.79091778,A,0.9189775051124738,13.275911018388857
11.5945763,-13.32233328,K,-1.61,54.37
93.17017925,22.67431557,K,-2.08,91.89
8.01185834,-14.85591376,G,1.5541858141858127,1.4605227901814972
19.24866283,-9.88108416,B,-0.1975961538461539,24693.029699168907
24.59457993,-7.31274165,B,-0.63,82.49
358.95082098,-18.34962553,G,1.5541858141858127,1.4605227901814972
26.21537924,-6.51891129,K,-0.6808563273073253,0.22362696511302643
44.21089955,2.66397934,B,-0.1975961538461539,24693.029699168907
6.84030111,-15.35355909,A,0.13,58.87
330.91529544,-25.5574415,G,2.51,2.28
12.79792784,-12.83928944,K,-0.6808563273073253,0.22362696511302643
47.17529379,4.16488506,G,3.12,1.26
65.41273806,12.88624173,K,-0.6808563273073253,0.22362696511302643
73.51800103,16.2528133,F,1.55,6.6
60.50835124,10.6644579,G,1.5541858141858127,1.4605227901814972
354.71255474,-19.81440811,F,1.62,6.89
62.45470835,11.55423501,A,1.27,14.98
0.83413455,-17.69801499,A,0.9189775051124738,13.275911018388857
12.07056314,-13.17819431,K,-0.6808563273073253,0.22362696511302643
99.1055088,24.05253954,A,0.05,68.79
33.58784355,-2.83883847,G,1.7,3.8
33.59049977,-2.8455907,G,1.5541858141858127,1.4605227901814972
27.32228569,-6.03202706,A,2.14,5.81
354.21786154,-20.00460744,K,-0.6808563273073253,0.17
75.28614866,16.89580756,A,0.9189775051124738,13.275911018388857
51.76916868,6.40777091,K,-3.79,367.76
342.43113593,-23.31833852,G,2.42,2.65
38.99099724,-0.10404749,A,0.83,19.12
30.94059681,-4.23509257,B,-0.64,163.47
86.90665221,20.86521473,K,-0.97,34.64
55.12719986,8.04090063,G,2.99,1.32
334.8981736,-24.91818504,K,-0.6808563273073253,0.22362696511302643
81.84469818,19.23801448,F,1.69,5.39
9.28022059,-14.4415754,A,0.9189775051124738,13.275911018388857
356.92503593,-19.14381992,F,1.7449286314021815,2.6843617841590257
55.81193419,8.35266038,B,-0.1975961538461539,24693.029699168907
342.05058751,-23.43122069,F,2.22,4.11
333.12993278,-25.24269546,G,-1.72,72.84
20.87169493,-9.24561998,B,-0.1975961538461539,24693.029699168907
16.86698326,-11.122363,K,-0.6808563273073253,0.22362696511302643
351.25138474,-20.97657694,B,-0.1975961538461539,24693.029699168907
24.36199435,-7.57193288,K,4.11,0.34
89.81106832,21.69330313,A,0.9189775051124738,13.275911018388857
354.91296202,-19.83449772,B,0.89,48.0
17.00406202,-11.07327454,F,0.66,16.17
311.30412845,-27.25970051,F,1.23,10.18
335.06726416,-24.91171768,F,2.13,4.68
349.88694896,-21.39554494,K,0.64,8.16
339.48829835,-24.03410001,K,1.81,3.45
24.24236924,-7.66212805,A,1.2,17.84
68.06482503,13.90530137,A,0.9189775051124738,13.275911018388857
32.02210823,-3.79241829,A,0.9189775051124738,13.275911018388857
29.31970431,-5.16213973,K,-2.97,195.49
358.75467948,-18.56969329,F,0.69,19.82
57.39426513,9.04488912,B,-0.79,227.79
31.79852216,-3.90881754,K,-0.6808563273073253,0.22362696511302643
81.78916792,19.16125203,A,1.67,10.47
78.81519048,18.12017367,F,3.04,1.82
34.80074398,-2.38088304,K,-0.6808563273073253,0.22362696511302643
43.10744087,1.89588307,K,-0.6808563273073253,0.22362696511302643
338.5032224,-24.26456429,K,-2.28,119.93
22.88142443,-8.36601844,B,0.84,26.19
55.40425305,8.06378552,G,1.5541858141858127,1.4605227901814972
50.19333186,5.48144516,G,1.5541858141858127,1.4605227901814972
57.61362996,9.11788234,A,1.1,23.6
39.63098123,0.0766008,A,1.71,8.63
49.50120437,5.122135,G,2.95,1.6
336.52537369,-24.67451582,G,3.77,0.61
346.53008725,-22.3773269,K,-3.51,247.03
56.43567739,8.54317173,B,-0.1975961538461539,24693.029699168907
96.22212057,23.32326474,G,-1.78,73.59
92.5663637,22.40107381,G,0.35,15.97
318.53287245,-26.99299503,K,-0.04,13.42
104.55157826,25.058929,F,0.88,18.5
326.7215434,-26.22860879,F,0.8,12.3
50.32199848,5.51765619,K,-0.6808563273073253,0.22362696511302643
40.84844816,0.68023921,F,2.62,3.51
81.16689112,18.91527515,F,1.7449286314021815,2.6843617841590257
41.68665891,1.10753955,G,-1.24,43.24
343.73173911,-23.10482262,K,3.59,0.7
35.93137534,-1.86053497,A,1.62,11.78
16.10009658,-11.59931422,B,-0.1975961538461539,24693.029699168907
43.68080887,2.1269067,A,0.9189775051124738,13.275911018388857
7.17732766,-15.43989399,B,-0.1975961538461539,24693.029699168907
322.69024127,-26.67006431,F,1.91,4.45
333.43795551,-25.25079667,F,1.82,6.06
49.70617394,5.1912347,K,-0.6808563273073253,0.22362696511302643
340.81056883,-23.79600022,G,1.19,5.42
67.83993321,13.72960697,F,2.03,3.87
36.58401677,-1.53982802,K,-1.11,36.82
357.58374817,-19.04171776,G,-0.4,19.96
47.61747942,4.12104678,B,-0.1975961538461539,24693.029699168907
83.40693221,19.65272789,A,0.9189775051124738,13.275911018388857
2.07539254,-17.44234863,K,-0.6808563273073253,0.22362696511302643
70.52174947,14.84389888,A,1.29,24.23
87.79716748,21.03097462,A,0.9189775051124738,13.275911018388857
66.58743697,13.17091617,A,0.9189775051124738,13.275911018388857
353.66573038,-20.34260886,F,1.7449286314021815,2.6843617841590257
87.79961342,21.02911311,A,0.9189775051124738,13.275911018388857
348.20387649,-21.96024876,K,-0.6808563273073253,0.22362696511302643
49.43524848,5.02123619,G,1.5541858141858127,1.4605227901814972
49.43857605,5.02112356,K,-0.6808563273073253,0.22362696511302643
340.23098862,-23.94339456,K,-0.6808563273073253,0.22362696511302643
53.30482776,6.95098935,F,0.53,24.53
52.39816082,6.50171493,A,0.9189775051124738,13.275911018388857
13.71517732,-12.71275843,M,-1.2799270072992703,0.021972455607761267
38.84586863,-0.41863802,K,-0.6808563273073253,0.22362696511302643
76.00583677,17.00161386,F,1.96,5.52
46.50817954,3.51992987,K,-0.6808563273073253,0.22362696511302643
36.54995787,-1.6094044,A,0.98,17.48
79.95002252,18.44500608,A,-0.68,104.31
356.80410821,-19.34320395,G,2.55,2.1
72.503556,15.61979335,A,0.71,41.47
41.54426667,0.95563543,K,3.81,0.4
32.69306391,-3.60399979,B,-0.1975961538461539,24693.029699168907
58.24051805,9.31066427,F,1.7449286314021815,4.95
350.43958629,-21.3578445,B,-0.1975961538461539,24693.029699168907
49.49824364,5.0041898,A,0.9189775051124738,13.275911018388857
348.06018388,-22.03534629,G,3.71,0.64
54.78046343,7.62726521,K,4.1,0.38
84.70018818,20.03001,K,-2.86,129.44
65.12230322,12.46628202,B,-0.88,454.32
0.8957997,-17.93847022,G,3.26,1.1
15.8338251,-11.82207359,G,3.95,0.52
345.82293454,-22.64553258,K,-0.6808563273073253,65.7
358.98760045,-18.63026553,G,2.1,3.43
33.65629948,-3.15474874,G,-1.21,38.89
47.41953775,3.91636615,K,-0.6808563273073253,0.22362696511302643
338.48587004,-24.35746329,G,-2.25,139.91
97.12580068,23.47893288,A,1.8,10.25
70.74622241,14.85885635,K,-0.6808563273073253,0.22362696511302643
49.02421348,4.72357794,K,-2.15,77.27
64.09587043,11.98230114,A,-0.91,114.06
61.44404053,10.766409,A,0.9189775051124738,13.275911018388857
47.52721801,3.95351206,F,1.7449286314021815,2.6843617841590257
79.21269542,18.12970553,A,0.6,35.62
332.19032547,-25.51797405,B,0.54,68.2
336.57362358,-24.74860431,G,1.56,5.25
8.57262137,-15.00128997,K,4.42,0.23
66.66497207,13.10292578,A,2.15,5.43
355.64823794,-19.79417676,F,1.7449286314021815,2.6843617841590257
47.81782978,4.08290585,G,-1.09,34.05
36.62958182,-1.67050265,B,-0.1975961538461539,24693.029699168907
18.34692242,-10.72317826,B,-0.1975961538461539,24693.029699168907
50.01633145,5.18994724,F,1.7449286314021815,3.13
15.53839836,-12.01249728,K,-0.6808563273073253,0.22362696511302643
37.34905279,-1.31076027,A,0.58,30.89
64.3744213,12.06869606,F,-0.78,77.25
13.59198091,-12.89529507,A,0.9189775051124738,13.275911018388857
326.95604598,-26.26835738,K,-0.6808563273073253,0.22362696511302643
21.49727021,-9.26685688,K,-0.6808563273073253,0.22362696511302643
33.92105427,-3.09029769,K,-0.6808563273073253,0.22362696511302643
95.84304106,23.1477495,K,-0.67,24.87
44.60788354,2.41207359,G,3.67,0.66
1.6703899,-17.72672003,F,2.89,2.03
74.36840972,16.27159042,A,0.05,92.41
71.60988753,15.16365837,G,3.23,1.27
65.0939999,12.37192955,K,-2.78,137.67
16.16297024,-11.7656516,B,-0.1975961538461539,24693.029699168907
345.67539395,-22.74454446,K,-0.6808563273073253,0.22362696511302643
14.87578596,-12.35238189,F,2.08,3.74
58.86206232,9.48214601,B,0.63,61.85
348.89405109,-21.89070923,K,-0.6808563273073253,0.22362696511302643
45.96759484,3.07310534,A,0.9189775051124738,13.275911018388857
68.87236657,13.99464,G,1.5541858141858127,1.4605227901814972
5.87570524,-16.16056084,A,-0.59,129.1
0.94531895,-18.03060208,M,-1.2799270072992703,0.021972455607761267
54.64233057,7.4208671,G,2.33,2.87
6.10719634,-16.09184888,F,1.7449286314021815,2.6843617841590257
50.1735106,5.16841258,A,0.9189775051124738,13.275911018388857
76.36398066,16.98801203,B,0.89,39.61
65.75099422,12.60047379,A,0.9189775051124738,13.275911018388857
347.2709654,-22.36886735,K,-0.6808563273073253,0.22362696511302643
53.57823556,6.8547831,K,-0.6808563273073253,0.22362696511302643
54.14055879,7.12928318,G,2.36,2.88
55.26118027,7.67591528,A,0.9189775051124738,13.275911018388857
74.42734027,16.22353026,A,0.9189775051124738,13.275911018388857
55.26312776,7.67305231,B,-0.1975961538461539,24693.029699168907
35.60317606,-2.34391272,F,1.7449286314021815,2.6843617841590257
348.57272417,-22.02964131,K,-1.71,67.39
14.7141628,-12.51239527,G,-1.62,72.9
342.31738132,-23.61747985,F,1.7449286314021815,2.6843617841590257
5.58498803,-16.33802012,G,3.24,1.31
57.49974099,8.74037923,A,0.91,30.28
69.64580767,14.25286352,K,-0.6808563273073253,0.22362696511302643
338.27727799,-24.49773958,K,-0.6808563273073253,0.22362696511302643
0.25145343,-18.3454416,A,1.61,10.89
27.78100416,-6.33854788,K,3.46,0.64
11.44972408,-13.95492308,A,1.07,26.44
358.28009454,-19.04123442,K,-0.6808563273073253,0.22362696511302643
18.37440586,-10.87652608,A,1.29,14.55
83.11246154,19.37144509,K,-0.6808563273073253,0.22362696511302643
44.35984273,2.13456683,K,4.21,0.22362696511302643
17.5410274,-11.26615568,B,-0.1975961538461539,24693.029699168907
22.00231908,-9.17693658,A,0.9189775051124738,13.275911018388857
349.46267059,-21.80587523,G,1.5541858141858127,1.4605227901814972
11.84592148,-13.79806942,K,-0.6808563273073253,0.22362696511302643
69.50619927,14.17400113,B,0.86,77.61
346.57822112,-22.59162102,G,1.5541858141858127,1.4605227901814972
26.71315972,-6.89069599,K,-0.65,21.0
75.19211835,16.48108325,K,-1.03,36.31
65.92657486,12.60878198,A,0.97,42.2
51.51745842,5.75449328,K,-4.02,331.71
38.50698762,-0.91070876,B,-0.1975961538461539,24693.029699168907
42.00246446,0.89346592,A,0.9189775051124738,13.275911018388857
48.46707918,4.21109317,A,0.51,41.84
27.19815027,-6.67137891,K,-1.27,40.22
111.41294765,26.0503441,K,-1.03,38.48
111.53171158,26.06628803,K,4.37,0.19
59.70932691,9.74676161,A,-0.37,79.57
83.7554939,19.5638383,B,0.19,89.0
34.67860704,-2.89476484,G,1.5541858141858127,1.4605227901814972
51.63515002,5.79914757,K,-0.6808563273073253,0.22362696511302643
30.86525494,-4.84164775,K,-2.55,103.41
30.87611403,-4.84213518,K,-2.07,74.8
62.98218517,11.26018731,M,-4.61,552.97
338.14940796,-24.55431158,B,-0.1975961538461539,24693.029699168907
62.05061485,10.82917652,M,-4.67,443.34
53.41302881,6.67214333,K,-0.15,13.4
12.00352108,-13.77625524,F,1.72,7.04
28.091015,-6.25339239,B,-0.1975961538461539,24693.029699168907
62.8567803,11.18714387,F,2.64,2.63
57.5798823,8.69494026,A,0.85,28.44
87.52195216,20.7490052,A,0.9189775051124738,13.275911018388857
334.6910349,-25.21471745,G,1.5541858141858127,1.4605227901814972
353.24828325,-20.74270148,B,-0.1975961538461539,24693.029699168907
70.838708,14.67492764,A,2.07,8.57
55.08466032,7.46215033,G,4.11,0.4
43.06780362,1.37172578,B,-0.1975961538461539,24693.029699168907
80.31912087,18.33749607,K,-0.6808563273073253,161.87
350.57245942,-21.55615965,G,1.5541858141858127,1.4605227901814972
332.68261049,-25.56109733,K,-0.6808563273073253,0.22362696511302643
10.63132923,-14.40639022,K,-0.6808563273073253,0.22362696511302643
43.7625216,1.71528378,B,-0.1975961538461539,24693.029699168907
62.72277814,11.08434714,G,1.5541858141858127,1.4605227901814972
321.15559025,-26.92071311,A,0.85,36.27
19.28367459,-10.57916276,B,-0.1975961538461539,24693.029699168907
72.0866767,15.15101967,B,-0.1975961538461539,24693.029699168907
4.04188243,-17.07256324,F,1.7449286314021815,2.6843617841590257
33.16652336,-3.77565468,F,2.44,4.21
39.75909035,-0.39079535,F,1.7449286314021815,2.6843617841590257
334.49917643,-25.2801546,F,3.09,1.55
57.68439997,8.67183436,K,-0.6808563273073253,6.22
46.85455644,3.24549684,A,0.9189775051124738,39.74
67.85858528,13.33774942,A,0.9189775051124738,13.275911018388857
72.81823305,15.42281692,K,-4.99,0.22362696511302643
45.35230076,2.47113034,B,-0.1975961538461539,24693.029699168907
28.44934714,-6.1960499,B,-0.1975961538461539,24693.029699168907
355.42334167,-20.12989721,F,1.7449286314021815,2.6843617841590257
44.55485657,2.04072792,B,-0.1975961538461539,24693.029699168907
65.00329333,12.05123441,G,1.5541858141858127,2.67
77.91497885,17.39513501,K,-0.6808563273073253,0.22362696511302643
325.29454213,-26.57215068,K,-0.6808563273073253,0.22362696511302643
44.89298894,2.19366082,A,2.05,8.22
59.06448865,9.26778861,B,-0.1975961538461539,24693.029699168907
1.76783141,-17.98902025,K,-0.6808563273073253,0.22362696511302643
347.59973564,-22.46072986,A,0.9189775051124738,13.275911018388857
3.32430299,-17.42169027,K,-1.33,45.21
58.95674652,9.20716971,F,0.82,17.99
20.43717946,-10.15598203,B,-0.1975961538461539,209.72
38.36766699,-1.21697538,A,-0.2,52.26
51.55056578,5.54241305,B,-0.1975961538461539,24693.029699168907
43.25014026,1.29834173,K,-1.16,34.08
10.20532175,-14.72041211,G,2.47,2.49
31.31827386,-4.84437903,K,-0.6808563273073253,0.22362696511302643
7.88185302,-15.68076003,B,-0.1975961538461539,24693.029699168907
61.38089979,10.32281458,M,-5.88,0.021972455607761267
351.07777993,-21.52167582,G,1.5541858141858127,1.4605227901814972
40.39201149,-0.19266825,F,1.7449286314021815,7.44
45.42359462,2.4032493,M,-1.2799270072992703,0.021972455607761267
316.59163954,-27.22649307,F,1.7449286314021815,2.6843617841590257
89.76477942,21.31633016,A,1.5,16.35
60.84701699,10.05746638,G,-0.17,17.06
60.64824072,9.95728665,A,0.9189775051124738,13.275911018388857
44.53819288,1.92222246,B,-0.1975961538461539,24693.029699168907
108.71971845,25.60534193,K,-0.6808563273073253,0.22362696511302643
26.60056649,-7.24165121,F,1.89,5.83
90.59633343,21.54631233,K,-0.78,28.31
90.37027482,21.48037659,K,0.1,12.71
0.98074245,-18.34368184,F,1.25,8.66
332.27297769,-25.71388793,A,0.9189775051124738,13.275911018388857
16.94345768,-11.84209417,B,-0.1975961538461539,24693.029699168907
336.22974388,-25.0514082,M,-1.2799270072992703,0.021972455607761267
41.10260702,0.12222467,K,-0.6808563273073253,0.22362696511302643
66.91498315,12.7970296,A,1.5,15.71
352.26777571,-21.21930353,F,2.54,2.67
9.55565726,-15.06398171,F,1.7449286314021815,2.6843617841590257
341.12200019,-24.08737905,G,1.5541858141858127,1.4605227901814972
9.56693383,-15.06238086,K,-0.6808563273073253,0.22362696511302643
48.11363302,3.71226035,B,-0.1975961538461539,24693.029699168907
339.28137068,-24.47670949,K,-0.6808563273073253,0.22362696511302643
37.93041892,-1.5449742,K,-0.6808563273073253,0.22362696511302643
37.51086861,-1.76417143,B,-0.1975961538461539,24693.029699168907
39.30320208,-0.84553162,K,4.42,0.22
61.89040289,10.47250137,G,1.5541858141858127,3.51
5.3954701,-16.74869741,B,-0.1975961538461539,24693.029699168907
343.26552156,-23.62246916,K,-0.6808563273073253,0.22362696511302643
25.97691236,-7.62539024,G,1.5541858141858127,1.4605227901814972
84.22448835,19.51942896,A,1.23,16.33
52.17979805,5.73577983,A,0.9189775051124738,13.275911018388857
87.97960215,20.72594524,K,-0.6808563273073253,0.22362696511302643
30.25975623,-5.51329185,B,0.67,91.78
351.78594726,-21.39964314,K,-0.6808563273073253,0.22362696511302643
65.5723335,12.13678112,A,0.9189775051124738,13.275911018388857
72.15460668,14.97657646,B,-0.98,751.17
24.16294747,-8.54400907,A,0.71,20.93
325.56605485,-26.61023616,A,0.76,31.74
46.93603052,3.03904123,A,0.9189775051124738,13.275911018388857
9.64391231,-15.09215585,A,0.9189775051124738,13.275911018388857
63.63270337,11.23995853,K,-0.6808563273073253,0.22362696511302643
48.73745023,3.95860754,F,0.29,27.47
344.54110612,-23.34678081,F,0.29,24.01
339.38508923,-24.4939736,G,1.5541858141858127,1.4605227901814972
59.41636283,9.25377513,K,2.94,0.88
56.63774295,7.90777891,K,-0.6808563273073253,0.22362696511302643
14.07578948,-13.22073692,K,-0.6808563273073253,0.22362696511302643
41.9525739,0.4539532,M,-1.2799270072992703,0.021972455607761267
29.20424297,-6.07866119,F,3.27,1.34
40.99963228,-0.04287852,F,1.22,18.7
2.97616157,-17.71760271,G,3.74,0.7
42.3663955,0.65538121,B,-0.1975961538461539,24693.029699168907
0.15943839,-18.73560171,F,1.7449286314021815,5.3
25.85403935,-7.75275396,B,-0.1975961538461539,24693.029699168907
23.95149028,-8.67920836,G,2.78,1.62
60.34173747,9.67203674,F,3.0,1.54
323.61732897,-26.8100584,K,-0.6808563273073253,0.22362696511302643
47.05378823,3.05860354,A,0.9189775051124738,13.275911018388857
68.36678108,13.32824828,K,-3.21,234.25
13.47989715,-13.52431782,K,-2.27,88.78
40.78434754,-0.20352962,A,0.95,22.76
311.37385444,-27.37063367,F,0.64,12.97
33.46293927,-3.98141745,B,-0.1975961538461539,24693.029699168907
33.46029446,-3.98381001,B,-0.1975961538461539,24693.029699168907
14.57983679,-13.05751324,K,-0.6808563273073253,0.22362696511302643
339.47797159,-24.50890016,A,1.57,9.82
112.61752412,26.13911835,K,-1.39,57.65
36.01766146,-2.67614175,K,-0.6808563273073253,0.22362696511302643
72.27685922,14.95966202,B,1.25,19.19
41.50288457,0.14969588,A,0.9189775051124738,13.275911018388857
60.27744951,9.59806881,A,1.8,8.11
345.52524785,-23.15534901,F,1.7449286314021815,2.6843617841590257
56.3009663,7.67209146,A,0.36,47.55
42.80399912,0.80595929,A,0.9189775051124738,13.275911018388857
354.41471429,-20.69749839,G,-1.73,70.97
356.73399167,-19.96095388,K,-0.6808563273073253,0.22362696511302643
23.52432073,-8.97062338,B,-0.1975961538461539,24693.029699168907
46.7262886,2.80304685,K,-0.6808563273073253,0.22362696511302643
67.21633946,12.74799261,K,-1.55,52.66
64.91355009,11.70769783,F,-1.18,92.45
79.44261979,17.72390109,K,-3.37,226.52
51.28339588,5.10967187,B,-0.1975961538461539,24693.029699168907
20.03909527,-10.65703489,B,-0.87,266.69
39.35583416,-1.03075932,F,0.54,16.6
348.06221661,-22.54695968,K,-0.6808563273073253,0.22362696511302643
359.45147719,-19.07876272,G,3.39,0.96
54.4514265,6.69509846,F,1.7449286314021815,4.98
346.68537052,-22.91039265,B,0.24,105.1
7.14191872,-16.24262098,K,-0.6808563273073253,0.22362696511302643
348.7957657,-22.36045799,A,0.61,60.23
320.07090011,-27.11338018,A,0.88,57.64
9.33456073,-15.36839697,K,-2.4,93.67
33.15564894,-4.24174101,B,-0.1975961538461539,24693.029699168907
14.2311401,-13.30696632,G,-3.12,221.66
44.54511098,1.62680285,B,-1.48,500.04
58.33430305,8.57680669,K,-0.6808563273073253,0.22362696511302643
16.58036458,-12.27460528,G,1.5541858141858127,1.4605227901814972
41.48457311,0.02582822,K,4.5,0.16
345.0026858,-23.3498338,K,-0.6808563273073253,0.22362696511302643
53.31977888,6.07403511,M,6.87,0.01
359.44101769,-19.12992353,G,1.5541858141858127,1.4605227901814972
82.14530277,18.6583876,F,1.45,8.79
103.2055391,24.52784258,F,-1.34,60.61
7.92114106,-15.97871972,K,-0.6808563273073253,0.22362696511302643
29.53629851,-6.11753163,B,-0.1975961538461539,24693.029699168907
75.91599255,16.33095674,F,1.7449286314021815,2.6843617841590257
91.87887352,21.762648,F,0.4,28.82
54.84533513,6.82742715,F,3.57,0.94
1.65391462,-18.35863116,G,3.0,1.67
50.63930945,4.712406,K,-0.6808563273073253,0.22362696511302643
355.54748637,-20.42071594,B,-0.1975961538461539,24693.029699168907
54.84816443,6.82772436,A,2.06,7.89
328.90505379,-26.30614593,K,-0.6808563273073253,0.22362696511302643
17.75150397,-11.78127529,B,0.04,118.04
353.00248189,-21.20498212,K,-0.6808563273073253,0.22362696511302643
313.5585812,-27.37436888,G,3.09,1.18
49.90137432,4.33322117,A,1.15,19.32
58.58391756,8.65707237,K,-0.6808563273073253,0.22362696511302643
35.2964205,-3.20244486,B,-0.1975961538461539,24693.029699168907
358.15179899,-19.5771964,M,-1.2799270072992703,0.021972455607761267
53.39398145,6.0930722,G,3.47,0.86
22.42242704,-9.61652834,B,-0.1975961538461539,24693.029699168907
42.15100177,0.32929508,B,-0.1975961538461539,24693.029699168907
349.62383796,-22.1813603,F,1.7449286314021815,2.6843617841590257
75.50244623,16.15060564,G,1.5541858141858127,1.4605227901814972
53.32331511,6.04249466,M,6.81,0.01
30.35723424,-5.74015568,K,-0.6808563273073253,0.22362696511302643
12.35035456,-14.18576491,A,0.9189775051124738,13.275911018388857
12.97125193,-13.92074155,F,1.7449286314021815,2.6843617841590257
67.23241765,12.64608482,B,-1.72,955.56
37.80682637,-1.95200635,B,-0.1975961538461539,24693.029699168907
56.61772595,7.65815514,A,0.9189775051124738,13.275911018388857
19.15236115,-11.1847425,B,-0.1975961538461539,24693.029699168907
71.89250568,14.65552157,B,-0.09,122.74
81.88323826,18.52906051,K,-0.6808563273073253,0.22362696511302643
334.04836362,-25.59225347,F,1.6,7.6
74.04724977,15.54143834,F,0.28,26.07
4.80844792,-17.24162111,F,1.7449286314021815,2.6843617841590257
356.69235333,-20.09787639,G,1.5541858141858127,1.4605227901814972
76.71251557,16.59702737,K,-0.6808563273073253,0.22362696511302643
45.06410836,1.78745116,A,1.53,8.58
349.61355588,-22.21665237,A,0.92,17.9
52.93581884,5.80269048,K,-0.54,19.98
63.90675788,11.11008471,F,1.1,11.98
333.68175584,-25.66334895,F,1.6,10.29
33.75467311,-4.07344228,M,-4.41,0.021972455607761267
40.2387605,-0.73277307,A,1.02,23.12
76.56289548,16.52233824,F,1.85,5.27
340.96937336,-24.32494386,K,-0.6808563273073253,0.22362696511302643
6.38553916,-16.66880075,G,1.5541858141858127,1.4605227901814972
68.20354,13.02943259,A,0.9189775051124738,13.275911018388857
8.4597827,-15.85951875,K,-0.6808563273073253,0.22362696511302643
61.85188235,10.123968,G,3.51,0.6
344.8853512,-23.45545909,K,-0.6808563273073253,0.22362696511302643
51.28378811,4.92677272,A,1.52,13.19
65.66798501,11.8845047,F,-2.46,264.02
21.09454783,-10.35203553,F,1.7449286314021815,2.6843617841590257
5.5389951,-17.0273562,M,-1.2799270072992703,0.021972455607761267
38.53941879,-1.66128331,B,-0.1975961538461539,24693.029699168907
59.75174227,9.10471487,F,3.26,1.2
17.81243969,-11.88162262,B,-0.1975961538461539,24693.029699168907
32.26388779,-4.88603831,A,0.9189775051124738,13.275911018388857
28.15346934,-6.95181949,K,-0.6808563273073253,0.22362696511302643
40.99150685,-0.40113628,F,1.64,10.8
354.36664968,-20.88994476,F,1.7449286314021815,2.6843617841590257
55.76124211,7.14574608,B,-0.1975961538461539,24693.029699168907
48.56996089,3.51231851,G,1.37,7.26
30.90163162,-5.59100623,B,-0.1975961538461539,24693.029699168907
81.48130192,18.32415347,A,0.9189775051124738,13.275911018388857
1.34850757,-18.58974928,F,1.7449286314021815,2.6843617841590257
77.65788762,16.89373049,K,-0.6808563273073253,0.22362696511302643
23.05383366,-9.46528671,K,-0.6808563273073253,0.22362696511302643
112.65147848,26.09671527,A,0.31,43.45
36.81599239,-2.59056781,B,-0.1975961538461539,24693.029699168907
36.38608209,-2.81680012,A,0.97,18.44
80.04775065,17.78597074,F,0.52,19.47
21.15288622,-10.38146756,B,-0.1975961538461539,24693.029699168907
326.63444275,-26.62970597,A,-0.15,70.16
69.92205934,13.71832041,A,0.9189775051124738,14.2
4.67206775,-17.40310298,G,1.5541858141858127,1.4605227901814972
47.84365404,3.09289637,G,0.95,6.13
52.48175325,5.45192442,F,-0.2,32.61
32.08577282,-5.04882102,A,1.76,8.17
104.07780164,24.64340195,G,1.81,4.7
61.47068798,9.85798722,A,0.9189775051124738,13.275911018388857
11.16058077,-14.84781395,G,1.5541858141858127,1.4605227901814972
0.45252378,-18.95107608,F,1.7449286314021815,2.6843617841590257
11.29654486,-14.79417865,G,-1.79,63.51
4.7900664,-17.38517749,G,1.5541858141858127,1.4605227901814972
103.42801947,24.50770002,A,1.93,7.9
49.80139836,4.0642226,G,2.77,1.63
21.06918571,-10.46807558,F,2.69,1.8
88.68801522,20.69478769,K,-0.49,19.48
92.21691805,21.74843133,K,-0.6808563273073253,0.22362696511302643
354.02465453,-21.06079521,G,1.5541858141858127,1.4605227901814972
74.72049209,15.68117627,F,0.77,13.74
27.79202716,-7.23737054,K,-1.84,67.56
58.0357992,8.17076311,K,-0.6808563273073253,0.22362696511302643
56.87269432,7.59934436,B,-0.74,219.27
54.1484282,6.23884766,F,2.1,5.25
117.10403966,26.62942168,M,-1.2799270072992703,0.021972455607761267
79.67188056,17.59383853,K,-0.6808563273073253,0.22362696511302643
343.54393827,-23.85279359,G,1.5541858141858127,1.4605227901814972
85.92306955,19.79391254,A,0.97,22.61
56.20034016,7.24839369,B,-0.1975961538461539,24693.029699168907
4.7713031,-17.43279521,G,1.5541858141858127,1.4605227901814972
10.2392255,-15.28646227,G,-1.04,37.2
74.79610546,15.68675237,B,-0.1975961538461539,24693.029699168907
54.22991748,6.25802818,K,0.17,11.69
95.10266624,22.52786096,K,-1.53,54.03
43.35915102,0.67592595,F,1.03,13.04
321.6988737,-27.0938617,A,0.9189775051124738,13.275911018388857
70.16988856,13.73473282,M,-1.2799270072992703,0.021972455607761267
36.0056372,-3.14115701,G,1.5541858141858127,1.4605227901814972
30.08043411,-6.15883034,A,0.8,16.11
45.73526386,1.89385312,K,-0.6808563273073253,0.22362696511302643
12.31801492,-14.4471367,B,-0.53,138.23
59.04126464,8.60038673,A,0.9189775051124738,13.275911018388857
57.48383794,7.83875254,F,2.19,3.48
17.35468916,-12.25749935,B,-2.64,1279.69
57.98201069,8.07909401,A,0.9189775051124738,13.275911018388857
329.38837297,-26.36539143,F,2.37,4.68
52.84206903,5.5098184,F,2.56,2.44
85.86780681,19.73848454,A,0.9189775051124738,13.87
350.99725822,-22.00550099,G,1.5541858141858127,1.4605227901814972
307.40818421,-27.35081387,A,0.92,17.02
38.645671,-1.81003561,B,-0.1975961538461539,24693.029699168907
28.19860596,-7.12733869,F,1.7449286314021815,2.6843617841590257
356.8624094,-20.24351207,K,-1.62,58.04
84.16906064,19.15860596,A,0.9189775051124738,13.275911018388857
347.81399987,-22.87139122,K,-1.89,61.94
330.76679776,-26.19613055,F,1.7449286314021815,2.6843617841590257
46.5071538,2.2470274,B,-0.21,121.73
119.50701253,26.85983003,F,2.81,2.15
42.98764583,0.42009794,B,-0.1975961538461539,24693.029699168907
91.39225957,21.45562401,K,0.17,12.62
82.98061202,18.73510023,K,-1.32,29.57
23.20414433,-9.58476155,K,-0.6808563273073253,0.22362696511302643
102.61169903,24.29639172,A,1.1,23.67
20.53078476,-10.85755059,A,0.9189775051124738,13.275911018388857
24.82303956,-8.82242885,F,2.31,2.69
83.49155311,18.90297881,A,0.9189775051124738,13.275911018388857
80.84884793,17.95298211,K,-0.6808563273073253,0.22362696511302643
6.29357291,-16.94856173,G,3.82,0.66
16.79092334,-12.57921729,A,0.9189775051124738,13.275911018388857
69.03455351,13.16906444,K,-0.6808563273073253,0.22362696511302643
80.95609509,17.98647438,B,0.13,109.99
69.03018727,13.16474359,K,-0.81,28.67
6.17784343,-17.00069333,K,-0.6808563273073253,0.22362696511302643
15.79754967,-13.02550226,K,-0.6808563273073253,0.22362696511302643
47.71672432,2.82152825,B,-0.49,171.32
3.66652087,-17.951269,F,1.7449286314021815,2.6843617841590257
44.37210556,1.08247606,B,-0.1975961538461539,24693.029699168907
56.44014713,7.23425354,K,-0.6808563273073253,0.22362696511302643
69.59697152,13.39754853,A,-0.11,45.14
46.61587365,2.23506052,A,0.9189775051124738,13.275911018388857
357.42354372,-20.12510078,B,1.46,27.61
49.87746772,3.91069454,F,1.0,11.65
335.88596938,-25.45523154,B,-0.1975961538461539,24693.029699168907
78.89070804,17.18895447,G,-1.04,43.82
352.22113762,-21.72709227,K,-0.14,13.74
3.55646448,-18.02211595,F,1.7449286314021815,2.6843617841590257
66.11193452,11.82050455,A,-0.12,80.08
17.71469756,-12.21455041,K,-3.69,284.18
13.75077894,-13.96119419,G,-0.08,16.39
3.55848012,-18.02479436,F,1.7449286314021815,2.6843617841590257
66.1136879,11.81708817,B,-0.96,655.62
43.234332,0.45321058,K,-0.6808563273073253,0.22362696511302643
11.96845515,-14.7273882,B,-0.02,95.62
3.99620345,-17.8802523,K,-0.6808563273073253,0.22362696511302643
337.14905878,-25.25242042,A,0.9189775051124738,13.275911018388857
62.55669326,10.14745576,A,0.9189775051124738,13.275911018388857
19.28815143,-11.5240359,F,1.7449286314021815,2.6843617841590257
354.93774252,-20.94494759,K,3.12,0.85
342.84313757,-24.12637037,G,3.27,1.24
62.02072302,9.88595362,K,-3.24,234.19
32.88042237,-4.92062127,K,-2.87,150.0
341.04617809,-24.51120051,K,-1.53,52.37
48.88066052,3.34145178,K,-0.6808563273073253,0.22362696511302643
65.48078779,11.49432492,K,3.95,0.24
51.4731497,4.66306456,F,1.09,11.82
60.632152,9.21140645,A,0.9189775051124738,13.275911018388857
8.48437459,-16.18767061,G,-0.46,16.57
334.57122503,-25.70143213,K,-0.6808563273073253,0.22362696511302643
19.05031826,-11.66332437,G,3.14,1.16
17.98734436,-12.14739353,F,1.56,8.31
330.36190023,-26.30690292,F,1.36,9.94
44.96710776,1.29562825,K,-2.01,72.69
2.35501099,-18.51145184,F,1.7449286314021815,2.6843617841590257
31.95001882,-5.42353723,B,-0.1975961538461539,24693.029699168907
48.06868999,2.89299492,K,-0.63,23.57
40.33772894,-1.11735684,F,1.03,14.08
346.18612492,-23.38149118,F,2.28,3.7
36.14551724,-3.29444623,F,0.66,16.55
69.9965524,13.48671051,F,2.28,4.47
28.65448168,-7.09182863,K,-1.08,35.79
59.61741888,8.68959863,A,0.9189775051124738,13.275911018388857
358.39512675,-19.88479501,F,1.7449286314021815,2.6843617841590257
65.9910925,11.69362741,G,3.3,1.09
65.99356958,11.68987228,G,1.8,4.49
4.47854778,-17.75909215,G,1.5541858141858127,1.4605227901814972
9.94913104,-15.63242795,F,2.24,2.91
26.10332597,-8.36498705,B,-0.1975961538461539,24693.029699168907
64.73793755,11.10638426,B,-0.1975961538461539,24693.029699168907
63.84761756,10.68812551,K,-2.72,117.16
66.73771034,12.01699409,B,0.89,51.19
108.07986892,25.31005757,F,2.13,5.58
353.54006974,-21.4301553,K,-0.6808563273073253,0.22362696511302643
57.52591945,7.62645179,F,1.39,7.77
356.14292776,-20.64597822,M,-1.2799270072992703,0.021972455607761267
45.50539383,1.5049766,A,0.9189775051124738,13.275911018388857
40.55742008,-1.07037836,A,1.94,6.88
29.54425471,-6.70666128,A,2.18,4.86
25.78438224,-8.56206368,O,-1.0,80976.42962657007
94.03478241,22.11005789,F,1.7449286314021815,2.6843617841590257
33.43944824,-4.74582517,B,-0.1975961538461539,24693.029699168907
83.19056438,18.67433196,F,0.23,22.34
44.34316954,0.8888634,F,1.7449286314021815,2.6843617841590257
87.15978203,20.0255519,K,-0.6808563273073253,0.22362696511302643
66.55475241,11.89613514,M,-1.2799270072992703,0.021972455607761267
64.41680786,10.91014426,K,-2.99,162.39
45.30131254,1.37521548,G,-1.98,80.14
50.14574025,3.87674267,K,0.38,9.83
342.00821418,-24.37943046,G,1.5541858141858127,1.4605227901814972
2.92217992,-18.39200969,K,-0.6808563273073253,0.22362696511302643
328.14592678,-26.61328557,K,0.13,12.32
44.07823014,0.72344381,K,-0.6808563273073253,0.22362696511302643
62.31265911,9.9002715,B,-0.1975961538461539,24693.029699168907
58.48255715,8.04924757,A,0.9189775051124738,13.275911018388857
82.90991606,18.55268935,A,0.9189775051124738,13.275911018388857
22.85065297,-10.01446307,K,-1.63,45.98
6.68484913,-17.001005,K,-0.6808563273073253,0.22362696511302643
337.59384019,-25.24958922,K,-0.6808563273073253,0.22362696511302643
19.69820786,-11.48682341,G,1.5541858141858127,1.4605227901814972
353.14484879,-21.5887333,F,2.43,3.56
69.85617503,13.33681488,F,1.69,5.53
3.11598561,-18.34425005,K,-0.6808563273073253,0.22362696511302643
359.54145559,-19.5925701,A,1.13,30.49
14.59050863,-13.79436098,K,-0.6808563273073253,0.22362696511302643
356.17341746,-20.70041801,G,1.5541858141858127,1.4605227901814972
61.22579051,9.34094031,A,0.9189775051124738,13.275911018388857
53.01597741,5.27318044,F,1.7449286314021815,2.6843617841590257
25.20892786,-8.92809058,G,1.5541858141858127,1.4605227901814972
44.87648558,1.0827018,F,0.66,16.13
326.28951901,-26.82475862,F,2.04,3.87
13.83029651,-14.13753393,B,-0.1975961538461539,24693.029699168907
74.33301344,15.21422895,G,1.5541858141858127,1.4605227901814972
1.2839433,-19.02493461,A,-0.47,139.45
88.89365042,20.53326172,F,2.25,4.79
107.67565289,25.20973788,F,3.08,1.65
16.79320234,-12.86390516,A,0.9189775051124738,13.275911018388857
100.08528158,23.62503314,K,-3.03,143.77
15.45797264,-13.45364298,G,2.82,1.61
357.62418795,-20.26362771,K,-1.33,50.19
36.11799352,-3.49761502,G,2.61,1.98
89.09268863,20.58526767,K,-3.74,285.26
37.21965372,-2.93116561,K,-0.6808563273073253,0.22362696511302643
95.64866404,22.49931571,F,1.7449286314021815,2.6843617841590257
5.46875386,-17.5339356,B,-0.1975961538461539,24693.029699168907
10.11565892,-15.72272837,K,-1.78,67.92
68.32111951,12.59230722,A,0.9189775051124738,13.275911018388857
2.54238315,-18.61563803,M,-1.2799270072992703,0.021972455607761267
40.07343474,-1.4681359,B,-0.1975961538461539,24693.029699168907
96.81648337,22.80237455,A,1.41,26.96
15.88581185,-13.29366269,F,-4.1,1420.85
69.02262377,12.90006877,K,0.42,26.63
92.67290757,21.66026824,K,-0.6808563273073253,0.22362696511302643
17.03011215,-12.79772184,K,-1.78,71.31
75.41647524,15.6110519,F,1.65,10.29
103.43784423,24.36240035,F,1.7449286314021815,20.44
348.54851398,-22.92649432,G,1.5541858141858127,1.4605227901814972
34.77694475,-4.22341819,F,1.7449286314021815,2.6843617841590257
34.65372156,-4.29352647,B,-0.92,270.02
327.16967808,-26.76531051,K,0.13,11.67
348.74836905,-22.88256031,G,2.01,3.09
19.97329915,-11.48942765,A,0.9189775051124738,13.275911018388857
352.43589411,-21.88569329,F,1.7449286314021815,2.6843617841590257
327.30882004,-26.75369065,G,3.27,1.19
48.33598025,2.78131196,A,0.9189775051124738,13.275911018388857
67.05271265,11.97723532,K,-3.34,280.46
355.55196831,-20.9750659,B,-2.19,1124.86
313.74195918,-27.49065951,F,1.7449286314021815,2.6843617841590257
356.93627393,-20.55475928,F,1.7449286314021815,2.6843617841590257
358.13882146,-20.17179741,K,-4.37,693.5
347.21087595,-23.29659118,A,1.58,9.46
96.95444385,22.80923832,M,-5.6,43.39
28.53328913,-7.43356909,K,-2.09,78.38
34.18969512,-4.59429101,B,-0.1975961538461539,24693.029699168907
26.84165538,-8.28167045,A,0.9189775051124738,13.275911018388857
9.37981926,-16.11289967,G,1.5541858141858127,1.4605227901814972
35.89619108,-3.72956095,A,0.77,24.02
323.68505448,-27.09715005,G,-1.24,45.41
37.1699453,-3.08526836,A,0.9189775051124738,13.275911018388857
71.73458419,13.99894175,F,1.7449286314021815,2.6843617841590257
336.95065566,-25.4638969,K,-0.6808563273073253,0.22362696511302643
347.89467514,-23.15314126,K,-0.6808563273073253,0.22362696511302643
49.38091676,3.24336944,B,-0.1975961538461539,24693.029699168907
75.44583557,15.5506779,A,1.62,11.53
342.61038936,-24.38198342,F,2.88,1.92
8.47396817,-16.5067223,G,1.5541858141858127,1.4605227901814972
67.02020194,11.88838452,A,0.7,16.32
93.26032802,21.76926642,K,-0.6808563273073253,0.22362696511302643
57.81166261,7.47591076,A,0.9189775051124738,13.275911018388857
358.31914483,-20.18975972,K,-0.6808563273073253,0.22362696511302643
338.39585157,-25.24229892,K,3.46,0.46
73.59938357,14.7372998,B,0.04,163.7
79.20292868,16.99446974,A,-0.43,97.04
7.39244869,-16.97371903,F,1.81,6.21
99.5669867,23.42479714,K,-0.6808563273073253,0.22362696511302643
351.68453681,-22.20845897,G,3.0,1.35
55.33095501,6.19294561,K,-0.32,20.55
341.72557723,-24.61243763,K,-0.6808563273073253,0.22362696511302643
38.18842721,-2.66709298,K,-0.6808563273073253,0.22362696511302643
35.72961037,-3.93619493,F,1.7449286314021815,2.6843617841590257
316.37100702,-27.48137835,F,2.66,2.51
73.06014047,14.48498852,A,0.22,65.47
34.49719049,-4.5755209,K,-1.8,60.25
85.13295745,19.14170293,F,1.4,8.9
60.41064333,8.6880589,F,1.86,4.62
354.17806853,-21.51468377,F,1.7449286314021815,2.6843617841590257
55.13569424,6.06862408,G,1.5541858141858127,1.4605227901814972
336.42033093,-25.61084742,B,-0.1975961538461539,24693.029699168907
85.23814987,19.17182028,A,0.9189775051124738,13.275911018388857
338.54902271,-25.24513866,G,1.35,6.43
322.99971185,-27.18986639,A,0.9189775051124738,13.275911018388857
7.6002658,-16.94915941,G,2.26,3.24
359.09707663,-19.9970466,K,-0.6808563273073253,0.22362696511302643
56.35925063,6.66373821,A,1.16,15.4
62.9176431,9.86622584,K,-0.6808563273073253,0.22362696511302643
319.05594906,-27.40851805,K,-0.6808563273073253,0.22362696511302643
53.97591334,5.4503411,A,0.9189775051124738,13.275911018388857
318.23509369,-27.43947161,K,-0.47,20.24
339.97987483,-24.99087745,K,-1.84,58.32
63.41988276,10.09956498,F,1.28,10.98
70.14536785,13.17899426,K,-0.6808563273073253,0.22362696511302643
63.13529627,9.95920516,B,-0.1975961538461539,24693.029699168907
54.05623884,5.47804771,F,1.7449286314021815,2.6843617841590257
358.62497159,-20.17141285,F,2.85,2.36
38.28678229,-2.68739734,B,-0.1975961538461539,24693.029699168907
52.69297429,4.78173022,F,1.45,8.02
5.09711757,-17.92191168,G,1.5541858141858127,1.4605227901814972
81.44189334,17.78008408,A,1.27,26.21
330.9921139,-26.42447494,A,0.9189775051124738,13.275911018388857
44.33709879,0.45272458,K,-0.6808563273073253,0.22362696511302643
70.39959865,13.27755415,K,-1.69,60.07
24.20629095,-9.75948341,B,-0.1975961538461539,24693.029699168907
21.51747989,-11.0316112,M,-6.33,266.05
350.18291706,-22.68055881,K,4.5,0.13
349.22170644,-22.93838039,G,1.5541858141858127,1.4605227901814972
327.20878703,-26.85637079,M,-1.2799270072992703,0.021972455607761267
64.98616572,10.79860544,K,-3.6,329.64
42.37837652,-0.60158598,A,1.79,7.66
348.49185023,-23.13213694,G,1.5541858141858127,1.4605227901814972
71.06628586,13.54675373,K,-0.6808563273073253,0.22362696511302643
47.20402663,1.90996766,A,0.9189775051124738,13.275911018388857
72.85802176,14.31839336,B,-0.1975961538461539,24693.029699168907
336.18158943,-25.69156603,G,2.95,1.62
29.2278902,-7.34461024,A,1.63,13.09
11.60760469,-15.41792521,A,0.9189775051124738,13.275911018388857
13.02435929,-14.83353706,K,-0.6808563273073253,0.22362696511302643
82.08208776,17.98513211,F,0.73,16.18
326.29745394,-26.95289763,G,1.5541858141858127,1.4605227901814972
28.50664663,-7.71598159,G,-1.49,60.38
43.34105674,-0.12170212,A,0.9189775051124738,13.275911018388857
358.54489687,-20.2456072,B,-1.06,222.03
11.4774514,-15.48419907,K,-0.6808563273073253,0.51
325.33374253,-27.03927416,F,1.69,7.16
60.56460846,8.65406896,F,2.22,4.71
39.78441392,-1.99094248,K,-0.6808563273073253,0.22362696511302643
20.76543486,-11.44261101,K,-0.6808563273073253,0.22362696511302643
331.77005257,-26.35401061,F,2.2,3.36
39.87061409,-1.95108154,B,-0.1975961538461539,24693.029699168907
61.23314198,8.9601376,K,-0.6808563273073253,0.22362696511302643
70.05766342,13.06442412,G,2.78,2.59
31.48842441,-6.26025809,B,-0.1975961538461539,24693.029699168907
306.08746262,-27.33475475,M,-1.2799270072992703,0.021972455607761267
314.75813536,-27.53496334,K,-0.62,23.66
32.82798153,-5.59058194,G,2.24,2.63
56.07428557,6.39988005,B,-0.86,132.07
36.86548962,-3.52699951,B,-0.1975961538461539,24693.029699168907
49.20782374,2.88618661,A,-0.97,57.48
8.88069312,-16.56775271,G,1.5541858141858127,1.4605227901814972
349.73002738,-22.85752845,K,-0.6808563273073253,0.22362696511302643
334.34967709,-26.0066831,K,-0.6808563273073253,0.22362696511302643
100.4677143,23.57298675,A,1.67,10.24
22.5053831,-10.66698451,B,-0.1975961538461539,24693.029699168907
82.74464436,18.19257135,A,0.55,35.1
118.55788468,26.72191705,G,-0.01,15.2
38.92549464,-2.48358184,G,0.37,15.79
97.94448667,22.9390639,K,-1.2,38.55
57.59518659,7.13455593,A,0.9189775051124738,13.275911018388857
93.99741722,21.85878086,F,1.97,4.95
7.95427104,-16.95636677,B,0.42,73.45
16.67323133,-13.34727209,B,-0.1975961538461539,24693.029699168907
0.3656479,-19.70759205,K,3.69,0.59
35.84264042,-4.09808973,B,-0.1975961538461539,24693.029699168907
89.01944067,20.33332767,F,1.87,6.56
340.49767132,-24.97749578,K,-0.6808563273073253,0.22362696511302643
54.1075396,5.35157522,B,-0.1975961538461539,24693.029699168907
71.6228396,13.69874579,A,0.03,64.16
2.66810852,-18.92938553,K,-0.6808563273073253,0.22362696511302643
59.12150272,7.86083069,A,0.9189775051124738,13.275911018388857
330.02003309,-26.60375646,A,0.9189775051124738,13.275911018388857
45.44892323,0.86729369,G,1.5541858141858127,1.4605227901814972
42.30603998,-0.77311823,G,1.5541858141858127,1.4605227901814972
345.16221222,-24.01026573,K,1.19,4.81
55.12271594,5.84067286,B,-0.1975961538461539,24693.029699168907
89.23957523,20.38397454,A,1.85,9.42
59.04108008,7.79291736,F,2.12,4.75
61.9007871,9.1893509,K,-0.6808563273073253,0.22362696511302643
76.46271433,15.70774415,G,1.5541858141858127,1.4605227901814972
87.14413289,19.68387613,A,0.9189775051124738,13.275911018388857
35.17104496,-4.51439225,K,-0.6808563273073253,0.22362696511302643
18.6930662,-12.51769877,F,1.7449286314021815,2.6843617841590257
26.64841054,-8.78489007,K,4.17,0.3
58.6395649,7.56600555,A,0.9189775051124738,13.275911018388857
45.89640539,1.03744268,B,-0.1975961538461539,24693.029699168907
32.50166674,-5.89431922,B,-0.1975961538461539,24693.029699168907
52.50448015,4.45746164,A,0.9189775051124738,13.275911018388857
87.56410276,19.80986816,G,-2.24,119.8
3.87275712,-18.56698538,G,1.5541858141858127,1.4605227901814972
312.58947032,-27.55532901,F,1.5,9.14
44.08665478,0.0806414,B,-0.1975961538461539,24693.029699168907
51.13152949,3.7353401,A,0.9189775051124738,13.275911018388857
350.19452389,-22.83037004,F,3.19,1.36
58.6255222,7.52846877,A,1.66,10.66
17.79932369,-12.96153862,G,0.26,12.56
343.71577451,-24.38002188,G,3.22,1.03
63.1936353,9.75308099,B,-1.16,397.48
6.4101253,-17.65211729,G,1.5541858141858127,1.4605227901814972
51.31900758,3.81814726,F,1.2,11.97
46.68530848,1.41179658,K,-0.6808563273073253,0.22362696511302643
47.60701408,1.89020343,A,0.9189775051124738,13.275911018388857
40.0447562,-2.06321758,K,-0.6808563273073253,0.22362696511302643
324.52861289,-27.17101131,B,-0.1975961538461539,24693.029699168907
42.9980522,-0.52763714,B,-0.1975961538461539,24693.029699168907
16.69611748,-13.47838059,G,1.5541858141858127,1.4605227901814972
48.21506244,2.1803493,B,-0.1975961538461539,24693.029699168907
352.92042805,-22.11732158,G,3.27,0.95
22.08307854,-11.05076658,G,-3.32,186.5
74.93536667,15.00009422,B,0.58,50.33
351.2922006,-22.57630386,K,-0.6808563273073253,0.22362696511302643
358.10653647,-20.57535629,G,3.87,0.6
54.94014357,5.62411016,B,-0.1975961538461539,24693.029699168907
70.72803875,13.17568897,A,0.74,36.97
7.26710557,-17.38245232,G,1.5541858141858127,1.4605227901814972
42.33389468,-0.93136507,B,-0.1975961538461539,24693.029699168907
37.62320314,-3.38268923,B,-0.1975961538461539,24693.029699168907
6.35951177,-17.73853431,F,1.7449286314021815,2.6843617841590257
13.54703692,-14.88133529,B,-0.1975961538461539,24693.029699168907
353.59779651,-21.96125766,F,1.7449286314021815,2.6843617841590257
77.26767903,15.93274759,G,2.35,2.69
80.67573639,17.27318849,G,3.03,2.56
100.79342269,23.5728709,A,2.15,6.07
15.26377157,-14.15849902,K,-0.6808563273073253,0.22362696511302643
347.00201132,-23.69106242,K,-0.6808563273073253,0.22362696511302643
9.00720001,-16.73384188,G,3.35,0.88
56.75796778,6.49734279,M,5.04,0.08
67.71001645,11.78579168,A,0.9189775051124738,13.275911018388857
73.00919882,14.13948577,F,1.16,14.68
0.05217642,-19.98670164,F,-2.77,165.94
20.40531927,-11.89163887,F,1.07,9.3
88.40267664,20.0155163,G,3.7,0.63
310.2545036,-27.52717136,F,2.6,2.67
344.88600897,-24.19563057,M,-1.2799270072992703,0.021972455607761267
37.8786408,-3.29870257,M,6.26,0.01
64.12425518,10.08410638,B,-0.1975961538461539,24693.029699168907
78.28944322,16.30957372,K,-0.6808563273073253,0.22362696511302643
79.02067533,16.59857915,A,-0.96,34.57
345.34668444,-24.10276522,F,1.7449286314021815,2.6843617841590257
72.45473045,13.87297608,M,-5.53,442.12
54.17440415,5.14208985,B,-0.1975961538461539,24693.029699168907
1.7052896,-19.46374276,B,-0.1975961538461539,24693.029699168907
43.60066707,-0.34709046,A,0.9189775051124738,13.275911018388857
27.28691351,-8.67669307,B,-0.1975961538461539,24693.029699168907
84.70333107,18.7180428,K,-0.6808563273073253,0.22362696511302643
31.32890832,-6.68602415,G,1.5541858141858127,1.4605227901814972
105.24861087,24.55424271,M,-6.3,0.021972455607761267
53.54570084,4.80242084,F,1.7449286314021815,2.6843617841590257
62.40089681,9.22178819,B,-0.1975961538461539,24693.029699168907
345.35847551,-24.11902045,K,-0.6808563273073253,0.22362696511302643
67.75119949,11.74533326,A,-0.92,239.29
4.56676267,-18.47872488,F,1.86,4.25
341.00471448,-25.03093795,M,5.7,0.03
52.39025291,4.19127687,B,-0.1975961538461539,24693.029699168907
30.48268332,-7.13291008,G,3.07,1.55
50.29311218,3.10509169,G,2.9,1.29
15.55413048,-14.12752525,K,-1.99,72.43
51.31884021,3.63143381,F,0.74,17.13
1.07484468,-19.71171951,K,-0.6808563273073253,0.22362696511302643
56.19239441,6.12294125,A,0.9189775051124738,13.275911018388857
98.65565023,22.99452549,G,-1.49,63.57
50.30229967,3.078416,B,-0.1975961538461539,24693.029699168907
0.14041089,-20.04424,B,0.36,41.07
337.71717106,-25.64515471,F,2.27,3.56
46.78707013,1.24209035,A,0.9189775051124738,13.275911018388857
49.82449871,2.82272864,A,0.9189775051124738,13.275911018388857
54.50126463,5.2301016,A,-1.16,189.23
40.72296552,-1.9309272,F,1.7449286314021815,2.6843617841590257
29.56563824,-7.64915114,B,-0.1975961538461539,24693.029699168907
28.22850769,-8.31177485,B,-2.4,553.17
47.24265315,1.45106796,G,1.5541858141858127,1.4605227901814972
57.21823047,6.58322267,F,1.7449286314021815,2.58
70.85778448,13.08299652,B,-0.1975961538461539,24693.029699168907
11.76908733,-15.77685391,G,3.48,1.02
24.95187812,-9.9156045,G,1.5541858141858127,1.4605227901814972
3.80955892,-18.81969792,B,1.62,24693.029699168907
355.52951747,-21.52374508,F,1.7449286314021815,2.6843617841590257
3.81741658,-18.81766239,F,1.7449286314021815,2.6843617841590257
17.85497316,-13.19114527,G,2.64,2.26
43.01708251,-0.76859058,A,1.16,20.77
52.07026456,3.94594146,K,4.61,0.24
12.90163638,-15.3218042,B,1.45,20.39
346.77435629,-23.85391401,G,1.5541858141858127,62.3
12.50327986,-15.48946477,A,1.74,7.99
338.41557415,-25.55256494,G,-1.25,40.77
95.0454801,21.98667662,A,0.9189775051124738,13.275911018388857
38.53885934,-3.11490002,F,1.7449286314021815,2.6843617841590257
3.23926307,-19.03765307,A,1.68,6.74
28.64944639,-8.14895564,K,-0.6808563273073253,12.61
60.04511144,7.95374671,A,0.9189775051124738,13.275911018388857
85.94726616,19.07911073,G,1.5541858141858127,1.4605227901814972
24.02406979,-10.39871374,B,-0.1975961538461539,24693.029699168907
91.44204053,20.89719198,A,0.9189775051124738,13.275911018388857
73.73734196,14.30261266,M,-1.2799270072992703,0.021972455607761267
336.86655801,-25.82737193,F,1.99,4.62
9.8262162,-16.60627804,G,1.5541858141858127,1.4605227901814972
61.43990764,8.62316964,A,-0.57,137.91
71.01700053,13.10559567,G,0.82,10.46
342.51457801,-24.81096145,G,1.5541858141858127,1.4605227901814972
10.51662315,-16.3463678,G,1.5541858141858127,1.4605227901814972
50.93427879,3.29604634,B,-0.1975961538461539,24693.029699168907
347.40259066,-23.74624437,G,3.03,1.37
52.39237084,4.03569579,F,1.7449286314021815,2.6843617841590257
344.48793739,-24.41559501,G,1.5541858141858127,1.4605227901814972
356.87590251,-21.18514796,A,0.9189775051124738,13.275911018388857
314.18938717,-27.62209167,K,-0.6808563273073253,0.22362696511302643
62.19558676,8.95052752,A,0.9189775051124738,13.275911018388857
39.80078413,-2.55126728,F,2.45,2.88
335.59992422,-26.05120915,K,-0.6808563273073253,0.22362696511302643
8.81546451,-17.04805472,F,1.7449286314021815,2.6843617841590257
54.87221164,5.2837708,A,0.9189775051124738,13.275911018388857
55.73311991,5.71929248,B,-0.1975961538461539,24693.029699168907
316.59373531,-27.61280868,M,-1.2799270072992703,0.021972455607761267
16.78455814,-13.7691244,F,1.84,5.73
46.08801927,0.72249175,A,0.9189775051124738,13.275911018388857
356.92760488,-21.19524333,K,-0.6808563273073253,38.66
332.26438596,-26.5247022,A,1.7,10.9
32.32830277,-6.4205097,B,-0.1975961538461539,24693.029699168907
11.58826838,-15.97522833,K,-5.85,2326.51
19.89204428,-12.41385772,A,0.9189775051124738,13.275911018388857
48.770258,2.09678438,G,1.5541858141858127,1.4605227901814972
24.33954832,-10.35078067,K,-4.01,368.21
77.9801868,16.00175487,M,-1.2799270072992703,0.021972455607761267
90.10533233,20.42336071,G,1.5541858141858127,1.4605227901814972
105.53367351,24.55150671,K,2.93,1.41
4.43225084,-18.71842237,G,2.78,1.8
67.23803156,11.31294933,A,1.25,16.18
321.72156775,-27.4583501,M,-1.2799270072992703,0.021972455607761267
60.06077472,7.85786547,G,1.5541858141858127,1.4605227901814972
48.69222066,2.04531751,K,-0.6808563273073253,0.22362696511302643
349.52694548,-23.27710129,F,1.7449286314021815,2.6843617841590257
66.26379524,10.84992681,F,0.89,12.29
58.92579382,7.28290299,A,0.9189775051124738,13.275911018388857
34.90538155,-5.14509384,F,2.15,3.02
48.41201716,1.88042257,M,-1.2799270072992703,0.021972455607761267
354.63977617,-21.90698376,K,-0.6808563273073253,0.22362696511302643
45.51541699,0.35498553,G,-1.16,51.51
5.99435412,-18.18629845,G,1.97,3.09
22.37008115,-11.32279613,F,1.96,4.61
359.42674735,-20.45808024,G,2.05,2.87
41.36862056,-1.844622,A,0.7,23.43
67.00660596,11.1501724,A,2.11,12.77
346.46775266,-24.05269569,F,1.7449286314021815,2.6843617841590257
39.25538421,-2.95931546,F,1.4,11.08
333.32602382,-26.42612323,K,-3.43,301.48
75.14788401,14.77206082,F,2.23,4.71
345.66852621,-24.23811523,F,1.7449286314021815,2.6843617841590257
25.33874808,-9.96494006,A,0.9189775051124738,13.275911018388857
26.1420579,-9.58104609,K,-0.6808563273073253,0.22362696511302643
66.6888814,10.98257164,K,0.35,11.9
57.7176032,6.6018426,A,0.9189775051124738,13.275911018388857
69.33274486,12.19873601,G,1.72,3.79
335.64219174,-26.10913491,F,1.7449286314021815,2.6843617841590257
354.39248663,-22.02958523,B,-0.1975961538461539,24693.029699168907
56.08834761,5.77051292,B,-0.1975961538461539,24693.029699168907
81.7980904,17.43434119,A,1.82,9.32
10.19603282,-16.63559499,K,-0.6808563273073253,0.22362696511302643
84.05294576,18.27181638,A,0.65,29.32
61.11173664,8.2786869,A,0.9189775051124738,13.275911018388857
37.5213728,-3.90147563,B,-1.4,553.89
40.38670922,-2.41955115,A,0.27,46.36
66.23349983,10.73805984,A,0.03,89.2
333.70708268,-26.396735,K,-0.6808563273073253,0.22362696511302643
70.6165289,12.75291469,B,-0.1975961538461539,6605.12
33.84700139,-5.81065914,B,-0.1975961538461539,24693.029699168907
73.05277863,13.8121641,K,-0.6808563273073253,0.22362696511302643
68.10369177,11.58049492,A,-0.74,191.93
58.40182446,6.87853231,B,-0.1975961538461539,24693.029699168907
43.52345836,-0.8244104,K,-2.92,161.64
79.33657771,16.43082329,K,-3.08,183.64
30.21063046,-7.66850978,A,0.9189775051124738,13.275911018388857
18.32235165,-13.28883516,M,-1.2799270072992703,0.021972455607761267
88.51947982,19.80860775,K,-1.38,36.48
10.72084082,-16.49606538,F,2.16,5.01
355.10160037,-21.88635251,G,1.5541858141858127,1.4605227901814972
333.11241327,-26.50102207,G,3.67,0.79
14.49431127,-14.95811541,K,-0.6808563273073253,0.22362696511302643
339.1436153,-25.58739458,A,1.68,16.13
35.61988051,-4.95567224,F,1.7449286314021815,2.6843617841590257
71.28522638,13.00539658,K,3.95,0.38
70.47825469,12.64162222,K,-0.6808563273073253,0.22362696511302643
42.19202137,-1.550389,K,1.48,11.74
22.80620212,-11.27265506,K,-0.6808563273073253,0.22362696511302643
90.37877864,20.40919184,F,3.26,1.23
44.96897459,-0.1087177,A,0.9189775051124738,13.275911018388857
64.96420303,10.0610156,K,0.51,9.37
47.81503419,1.37821109,K,-0.6808563273073253,0.22362696511302643
98.12967941,22.70455528,A,0.76,36.71
6.71044574,-18.07277751,F,1.7449286314021815,2.6843617841590257
93.67414031,21.43038106,A,0.8,38.4
106.49777952,24.69622925,K,-0.6808563273073253,0.22362696511302643
53.34884972,4.2402876,F,1.7449286314021815,2.6843617841590257
15.33689914,-14.64650136,A,1.36,20.12
44.81797934,-0.21804461,B,-0.1975961538461539,24693.029699168907
42.43041946,-1.47335683,A,1.6,13.47
317.97946174,-27.64644222,B,-0.1975961538461539,24693.029699168907
51.90361991,3.47553237,B,-0.1975961538461539,24693.029699168907
328.30100088,-27.06197642,A,0.29,42.17
26.55298896,-9.54810694,K,3.48,0.71
80.7261114,16.9232109,K,-0.6808563273073253,0.22362696511302643
66.10361376,10.56420745,B,-0.59,257.27
52.45906751,3.74447375,F,2.21,3.44
27.69829102,-9.0098029,K,0.17,12.24
90.52920376,20.42286825,A,0.15,50.69
34.52600304,-5.60687677,K,-2.49,95.91
45.94365216,0.33018072,K,-0.6808563273073253,0.22362696511302643
56.67883885,5.89889116,B,-0.1975961538461539,24693.029699168907
57.77683182,6.45424111,B,-0.1975961538461539,24693.029699168907
98.96329961,22.89979809,G,1.5541858141858127,1.4605227901814972
86.78180736,19.14942601,K,-1.76,72.16
30.44540056,-7.67795653,B,-0.1975961538461539,24693.029699168907
62.59273187,8.84427608,A,0.9189775051124738,13.275911018388857
69.26984331,12.01290598,F,1.78,6.12
317.51611963,-27.66487027,A,0.54,28.99
3.65527381,-19.23676757,G,2.94,1.67
19.26504361,-12.9888476,G,-0.75,24.56
98.96238809,22.89491888,G,1.5541858141858127,1.4605227901814972
71.1434058,12.84794301,K,-0.6808563273073253,0.22362696511302643
8.44243623,-17.50320245,G,1.5541858141858127,1.4605227901814972
79.72908859,16.48918926,A,0.45,53.92
62.18310504,8.61844644,K,-0.6808563273073253,0.22362696511302643
66.44707333,10.66765714,F,2.1,4.68
38.18287042,-3.78678944,K,-0.6808563273073253,0.22362696511302643
334.11001802,-26.43399177,F,2.61,2.83
44.94577352,-0.259276,F,1.7449286314021815,2.6843617841590257
19.13623182,-13.0935221,F,2.17,4.74
83.76456336,18.02080349,K,-0.6808563273073253,0.22362696511302643
55.32825991,5.13801616,A,0.9189775051124738,13.275911018388857
67.92905643,11.33763641,B,-0.1975961538461539,24693.029699168907
7.9130261,-17.74279735,K,-4.11,0.22362696511302643
1.94596425,-19.87632568,F,1.7449286314021815,2.6843617841590257
16.16276822,-14.41440631,A,2.49,5.73
64.69035757,9.79710061,A,0.9189775051124738,13.275911018388857
5.99734696,-18.4615632,G,1.5541858141858127,1.4605227901814972
1.2401904,-20.11765736,K,-0.6808563273073253,0.22362696511302643
107.88020082,24.94419634,K,-4.65,0.22362696511302643
39.37411294,-3.20433671,K,-0.6808563273073253,0.22362696511302643
352.4253956,-22.76508885,G,-1.18,39.95
52.72710811,3.7774775,M,5.42,0.02
8.49119228,-17.53694173,A,0.48,27.42
24.01626665,-10.88470318,K,-0.6808563273073253,0.22362696511302643
68.69775274,11.66937514,K,-0.6808563273073253,0.22362696511302643
6.11125916,-18.43703562,G,4.02,0.53
96.24099081,22.11173825,A,1.1,34.43
113.99533046,26.02733536,A,0.9189775051124738,13.275911018388857
40.97606777,-2.39581767,F,1.7449286314021815,2.6843617841590257
82.09578146,17.36132749,G,1.76,5.05
66.8934115,10.81535384,G,1.5541858141858127,1.4605227901814972
39.71058641,-3.06125403,A,0.9189775051124738,13.275911018388857
96.53798694,22.18986689,K,-0.6808563273073253,0.22362696511302643
59.36597233,7.13850417,A,0.93,24.58
338.75312713,-25.76552755,G,2.11,3.26
58.52952616,6.71107163,K,-0.6808563273073253,0.22362696511302643
42.79904385,-1.46066035,F,2.53,2.79
43.881927,-0.89282448,B,-0.1975961538461539,24693.029699168907
338.83168121,-25.75773046,K,-0.6808563273073253,0.22362696511302643
6.94737329,-18.15627658,G,1.5541858141858127,1.4605227901814972
64.01032838,9.41891736,K,-1.27,47.35
69.63224677,12.07362723,K,-0.7,26.57
52.9962411,3.8614286,B,-0.1975961538461539,24693.029699168907
341.63673442,-25.26525369,A,0.9189775051124738,13.275911018388857
357.42868177,-21.38191704,K,-2.49,84.96
331.56565883,-26.79640366,K,-0.6808563273073253,0.22362696511302643
102.78208943,23.80641779,K,4.0,0.46
7.49585165,-17.97391573,G,3.34,0.87
51.59236301,3.11179483,K,-0.6808563273073253,0.22362696511302643
88.23730848,19.56345641,A,0.9189775051124738,13.275911018388857
76.37739052,15.01760842,A,0.88,43.61
0.44770196,-20.44645684,A,0.9189775051124738,13.275911018388857
44.86529571,-0.41980505,B,-0.1975961538461539,24693.029699168907
319.57585425,-27.65667796,A,2.61,4.69
37.55224226,-4.24219566,M,-1.2799270072992703,0.021972455607761267
60.88461427,7.84984671,K,-0.6808563273073253,0.22362696511302643
60.49422895,7.6538618,B,-0.1975961538461539,24693.029699168907
348.48639378,-23.82475298,K,-0.6808563273073253,0.22362696511302643
105.22764949,24.36131151,A,0.9189775051124738,13.275911018388857
5.40881503,-18.76037617,M,5.19,0.05
44.33884661,-0.71167753,B,-0.1975961538461539,24693.029699168907
40.9632468,-2.48319525,K,-0.6808563273073253,0.22362696511302643
53.55764208,4.1055146,G,-2.53,182.87
327.96540007,-27.17673002,F,1.7449286314021815,2.6843617841590257
56.9922896,5.85875113,B,-0.1975961538461539,24693.029699168907
334.99182489,-26.38126808,K,-0.6808563273073253,0.22362696511302643
337.64964733,-25.98770647,G,1.5541858141858127,1.4605227901814972
113.68581531,25.96499015,F,1.4,10.96
115.67713867,26.26747766,A,0.07,59.01
29.33988977,-8.44306786,A,0.9189775051124738,13.275911018388857
50.01139087,2.23150255,A,-0.17,72.88
50.69826092,2.58602009,B,-0.1975961538461539,24693.029699168907
37.02998413,-4.56810437,K,-0.6808563273073253,0.22362696511302643
86.06492128,18.76568077,B,-0.1975961538461539,24693.029699168907
32.09604702,-7.09104605,F,1.7449286314021815,2.6843617841590257
343.7938951,-24.89271268,F,0.14,29.38
44.72047651,-0.56777147,K,-1.89,74.34
49.03286801,1.69594312,A,0.96,28.76
349.64423936,-23.58229177,G,-0.83,31.4
53.05053767,3.79098637,G,3.23,0.98
352.23019739,-22.9249536,F,2.07,4.09
47.41559734,0.83269735,F,2.27,4.11
71.64425362,12.89071748,B,-0.1975961538461539,24693.029699168907
54.50004377,4.52849436,A,0.49,39.03
3.05499219,-19.64861347,B,-0.1975961538461539,24693.029699168907
57.7749246,6.2011657,K,4.17,0.17
81.09045444,16.87298076,G,-1.4,63.73
49.04558621,1.67447359,G,-3.66,336.84
358.16282199,-21.24517618,F,2.22,3.42
332.27078442,-26.76168325,F,1.7449286314021815,2.6843617841590257
30.2382394,-8.06593923,F,0.81,17.96
59.10564631,6.85961491,G,3.67,0.76
70.34842239,12.28456917,F,2.36,4.09
62.85488616,8.71708678,M,-6.54,0.021972455607761267
315.2798083,-27.73249203,F,2.96,1.94
62.45775753,8.51711394,A,0.9189775051124738,13.275911018388857
25.09426868,-10.5824652,A,0.9189775051124738,13.275911018388857
85.49913137,18.52431291,A,0.48,59.43
21.05233061,-12.46336492,K,-1.73,54.89
76.56416258,15.00612357,A,0.66,45.74
17.60768692,-13.99854423,A,0.84,19.92
32.88967664,-6.75937045,G,1.5541858141858127,1.4605227901814972
50.96396712,2.64685235,B,-0.1975961538461539,24693.029699168907
2.7173109,-19.79678154,K,-0.6808563273073253,0.22362696511302643
52.90673114,3.6568887,K,-1.82,67.12
8.33558347,-17.79767118,K,-0.6808563273073253,0.22362696511302643
12.42247537,-16.20341967,F,-1.84,84.24
73.04664835,13.46186676,K,-1.29,41.38
13.4556682,-15.78558213,F,2.74,2.14
52.11418115,3.21958094,M,-5.27,0.021972455607761267
20.35820235,-12.80923091,F,2.64,2.81
104.73251847,24.21119151,K,-1.48,53.36
92.48008959,20.88234408,K,-2.11,95.67
45.94959592,-0.02015496,K,3.85,0.46
0.92971534,-20.42072388,A,0.91,26.18
359.01278308,-21.03846405,G,1.5541858141858127,1.4605227901814972
61.60661277,8.04685833,G,1.76,4.69
357.84672849,-21.40168307,F,1.7449286314021815,2.6843617841590257
58.55588744,6.51258672,F,1.7449286314021815,2.6843617841590257
353.23313366,-22.73356063,F,3.76,0.99
22.24957831,-11.98758671,B,0.76,44.25
324.18001511,-27.51104439,F,1.26,8.63
71.9099612,12.91737589,K,-3.19,186.62
343.28089004,-25.07357089,F,2.29,3.61
3.62751367,-19.55072025,G,1.5541858141858127,1.4605227901814972
357.97480338,-21.38673406,F,1.7449286314021815,2.6843617841590257
4.36445551,-19.30046079,A,1.44,23.06
42.37378675,-1.95972869,K,-0.6808563273073253,0.22362696511302643
49.22115508,1.63857597,G,1.5541858141858127,1.4605227901814972
70.0783333,12.06641228,G,2.24,3.18
80.26420999,16.45764728,G,-1.19,41.81
356.71442526,-21.77996141,G,3.09,1.05
69.08197194,11.60071375,B,-0.1975961538461539,24693.029699168907
74.58023904,14.07388831,B,-0.1975961538461539,24693.029699168907
63.23667725,8.79545972,K,-0.6808563273073253,0.22362696511302643
43.57194427,-1.35334055,B,-0.1975961538461539,24693.029699168907
12.20791417,-16.37647624,G,1.5541858141858127,1.4605227901814972
349.16682356,-23.81296694,K,4.35,0.31
78.2396694,15.61664783,F,1.47,7.34
35.31290397,-5.66213763,B,-0.1975961538461539,24693.029699168907
63.36678264,8.84346718,K,-0.6808563273073253,45.11
7.52399136,-18.19971571,G,2.8,1.63
60.13694712,7.23478385,B,-0.1975961538461539,24693.029699168907
63.55519921,8.92981405,B,-0.1975961538461539,24693.029699168907
29.42966783,-8.62961717,K,-0.6808563273073253,0.22362696511302643
47.36774606,0.61995522,B,-0.1975961538461539,24693.029699168907
87.35671437,19.10852139,K,-0.6808563273073253,0.22362696511302643
63.90323435,9.09520052,A,0.9189775051124738,13.275911018388857
60.56431637,7.43890278,F,-3.57,546.32
116.05242637,26.29735446,A,0.9189775051124738,13.275911018388857
328.72851831,-27.20053912,G,2.49,2.36
50.07788586,2.02672695,A,-0.53,61.36
56.55626782,5.39020796,A,0.9189775051124738,13.275911018388857
12.98640914,-16.09968272,A,1.52,11.89
347.22496926,-24.29344668,G,3.06,1.19
94.36000809,21.40229414,K,-0.89,32.76
331.26046023,-26.95626277,A,0.9189775051124738,13.275911018388857
44.03892735,-1.17246335,B,-0.1975961538461539,24693.029699168907
57.75606861,5.98119969,K,-1.42,40.3
59.62902318,6.93019578,F,1.37,7.62
343.7194865,-25.05461058,K,3.41,0.47
1.50541368,-20.35913557,G,3.35,1.04
12.08739511,-16.49711964,K,-0.87,28.84
60.90361303,7.55887385,K,-0.6808563273073253,0.22362696511302643
78.2846531,15.58210584,K,-0.6808563273073253,0.22362696511302643
350.32506069,-23.58422842,M,-1.2799270072992703,0.021972455607761267
54.74089218,4.4094745,B,-2.05,918.68
68.90646454,11.43340908,K,4.52,0.27
7.4324521,-18.29811077,A,1.54,12.39
33.38536519,-6.73841397,F,1.23,7.58
27.94738155,-9.4426629,G,-2.2,100.34
349.06997186,-23.90438318,F,1.0,10.68
342.42418742,-25.32715495,A,0.9189775051124738,13.275911018388857
345.24176178,-24.76563537,G,1.5541858141858127,1.4605227901814972
352.23060329,-23.12815003,K,-4.08,345.49
69.89844722,11.86286532,K,-0.6808563273073253,1883.95
318.92795738,-27.75929004,A,-0.71,99.94
80.53485002,16.46821701,K,-2.05,82.52
98.2200041,22.49225191,B,-0.1975961538461539,24693.029699168907
38.59450073,-4.10279239,F,1.38,9.8
48.29397357,0.98511091,F,2.38,2.99
356.29173623,-22.01853404,K,-0.6808563273073253,0.22362696511302643
48.69326991,1.18589096,B,0.19,89.26
82.45694556,17.21417081,F,0.78,13.67
25.33959787,-10.74493431,M,-1.2799270072992703,0.021972455607761267
330.54262451,-27.07121099,F,1.7449286314021815,2.6843617841590257
326.3777557,-27.43314892,A,-0.7,98.31
342.09323979,-25.4139378,A,0.9189775051124738,13.275911018388857
348.27965138,-24.12466348,K,-0.6808563273073253,0.22362696511302643
40.10374188,-3.34900872,A,-0.86,132.25
79.51980203,16.03140056,G,-1.44,57.75
328.49107916,-27.27084445,K,-0.6808563273073253,0.22362696511302643
24.18766449,-11.31398582,K,-0.6808563273073253,0.22362696511302643
333.05933865,-26.80304599,K,-0.6808563273073253,0.22362696511302643
41.67358933,-2.5449273,A,-0.33,84.07
344.84572596,-24.8931964,K,-1.78,72.34
57.36387481,5.64876908,B,-0.1975961538461539,24693.029699168907
18.18357575,-14.07249869,M,-1.2799270072992703,0.021972455607761267
351.80632836,-23.30140279,M,4.54,0.1
65.34158769,9.62091086,B,-0.86,502.2
46.33645592,-0.13322944,A,1.84,7.94
70.62032733,12.1185382,A,1.79,9.45
81.73680508,16.8823627,F,2.2,4.7
76.12512314,14.56375787,G,1.5541858141858127,1.4605227901814972
79.21410089,15.86065048,A,0.9189775051124738,13.275911018388857
347.4762398,-24.35236782,F,1.37,10.08
45.5764878,-0.54676344,B,-0.1975961538461539,24693.029699168907
16.80718445,-14.68909235,A,0.9189775051124738,13.275911018388857
6.52550562,-18.76126318,A,0.9189775051124738,13.275911018388857
52.66029234,3.16978318,F,1.98,4.38
9.23561808,-17.76002111,K,-0.6808563273073253,0.22362696511302643
348.91701085,-24.03235931,F,1.7449286314021815,2.6843617841590257
14.49282531,-15.68197896,F,1.7449286314021815,2.6843617841590257
78.24597455,15.44383462,F,3.35,5.91
57.78689468,5.81111275,K,-0.6808563273073253,0.22362696511302643
25.93085662,-10.57584951,F,3.18,1.32
78.42216084,15.51438551,K,-0.6808563273073253,0.22362696511302643
54.0747721,3.88987177,A,2.32,6.04
94.20105479,21.25869802,F,1.29,8.89
40.4504909,-3.28301363,M,5.83,0.02
351.81035557,-23.34088633,F,1.7449286314021815,2.6843617841590257
28.77976764,-9.22582375,G,1.5541858141858127,1.4605227901814972
2.80259959,-20.09571036,K,-0.6808563273073253,0.22362696511302643
16.14367768,-15.01853038,K,-0.6808563273073253,0.22362696511302643
34.10991384,-6.56756757,K,-0.6808563273073253,0.22362696511302643
328.65257357,-27.29970108,G,-1.35,54.09
47.49201397,0.40773256,A,0.9189775051124738,13.275911018388857
99.48277873,22.78213634,F,0.74,19.53
330.82112148,-27.10004512,B,-0.38,169.88
42.43564208,-2.26599744,B,-0.1975961538461539,24693.029699168907
59.67041323,6.72997796,F,1.7449286314021815,2.6843617841590257
44.15670997,-1.37259812,K,-0.6808563273073253,0.22362696511302643
44.16197305,-1.37128281,A,0.9189775051124738,13.275911018388857
106.434891,24.48536058,A,0.9189775051124738,13.275911018388857
77.70543614,15.17545325,K,-0.6808563273073253,0.22362696511302643
3.79837812,-19.78577165,G,3.1,1.56
41.00138159,-3.04035509,F,1.48,6.52
84.40141837,17.85325179,G,-1.15,50.8
72.8686053,13.0526044,G,-2.01,97.12
70.79244365,12.10655361,K,-4.88,493.41
334.61924228,-26.67816294,F,1.59,8.93
18.53264945,-14.0411603,A,0.9189775051124738,13.275911018388857
15.91742988,-15.16917904,G,2.48,2.17
36.3208251,-5.49778832,G,-1.3,40.07
324.16416054,-27.63103943,F,2.57,2.57
55.76673789,4.68751984,B,0.75,31.02
68.00024276,10.78918605,A,1.35,14.65
329.22130208,-27.27293503,A,0.27,42.99
62.40478661,8.05668667,A,0.9189775051124738,13.275911018388857
8.04477693,-18.30333046,G,1.5541858141858127,1.4605227901814972
357.86360351,-21.71851408,G,1.5541858141858127,1.4605227901814972
36.82949236,-5.25358042,B,-0.1975961538461539,24693.029699168907
69.15348972,11.32045222,A,1.85,12.38
61.46339743,7.57414722,F,2.29,4.05
340.9982339,-25.725514,K,-0.6808563273073253,0.22362696511302643
85.320024,18.16824137,F,1.02,11.08
81.00554661,16.49304389,F,1.83,6.87
70.89344007,12.11415463,K,-1.78,71.38
351.00309647,-23.61961128,G,3.53,0.91
112.42318561,25.66279414,G,-1.8,78.26
102.64525411,23.57138501,G,2.4,2.29
21.27992628,-12.8799044,K,-2.03,66.37
345.88754565,-24.80588474,K,-0.6808563273073253,0.22362696511302643
42.85699395,-2.16521958,A,2.64,4.14
39.69977669,-3.82685295,A,0.9189775051124738,13.275911018388857
22.74644998,-12.22994666,B,-0.1975961538461539,24693.029699168907
71.02083876,12.13949441,K,-0.6808563273073253,0.22362696511302643
73.83321368,13.4102592,F,1.7449286314021815,2.6843617841590257
58.30994342,5.91299131,A,0.38,51.03
19.66104331,-13.63819614,K,-0.6808563273073253,0.22362696511302643
55.25892947,4.33410608,A,0.44,35.25
79.20306121,15.71521262,G,-1.72,61.15
82.46414547,17.03088152,M,-1.2799270072992703,0.021972455607761267
39.73107202,-3.84745832,A,0.9189775051124738,13.275911018388857
85.19411502,18.07163336,K,-0.6808563273073253,0.22362696511302643
323.4633045,-27.69958658,G,3.08,1.29
3.50909629,-19.99878903,F,2.31,4.74
19.57690268,-13.69960545,F,1.7,7.19
18.61092666,-14.12894413,G,-3.35,297.83
14.86223123,-15.72922169,K,-0.6808563273073253,0.22362696511302643
55.83160368,4.59604922,B,-0.97,129.54
21.40665675,-12.89364852,A,0.9189775051124738,31.68
43.58799409,-1.84811508,A,0.9189775051124738,13.275911018388857
10.68620739,-17.41037611,F,1.7449286314021815,2.6843617841590257
45.12617131,-1.0381955,B,-0.1975961538461539,24693.029699168907
56.35824322,4.8532546,B,-2.41,823.23
58.88036251,6.15000711,A,0.9189775051124738,13.275911018388857
89.74000649,19.68824411,F,1.7449286314021815,2.6843617841590257
108.25765476,24.83411095,F,2.09,5.74
42.49730211,-2.44928764,A,1.82,6.56
352.58400709,-23.29609494,K,4.42,0.29
37.76037537,-4.92936413,A,1.37,23.84
46.24039959,-0.48543268,A,-0.81,103.59
90.83479502,20.05208259,A,0.68,43.21
320.59763873,-27.8174131,F,2.36,3.74
52.65937928,2.89631997,G,1.5541858141858127,1.4605227901814972
53.89309947,3.54022997,A,0.9189775051124738,13.275911018388857
20.53582673,-13.33321912,B,-0.1975961538461539,24693.029699168907
55.0330363,4.1336899,G,1.5541858141858127,1.4605227901814972
92.9189401,20.73516969,K,-0.6808563273073253,0.22362696511302643
58.46612206,5.89724789,G,3.28,0.98
102.19509927,23.41286805,K,-0.6808563273073253,0.22362696511302643
3.53994172,-20.05804129,A,0.9189775051124738,13.275911018388857
17.77455932,-14.5684337,G,1.5541858141858127,1.4605227901814972
35.121636,-6.32875017,A,0.6,23.8
53.86591689,3.49325133,F,1.66,8.5
28.55922416,-9.61100406,F,1.7449286314021815,2.6843617841590257
350.62075147,-23.82506578,B,-0.1975961538461539,24693.029699168907
66.95066639,10.10684949,A,0.9189775051124738,13.275911018388857
27.2311478,-10.26569628,F,0.1,23.73
63.5555032,8.43882421,A,-0.92,132.56
12.82749592,-16.65299149,A,0.9189775051124738,13.275911018388857
35.0732935,-6.3783105,K,-0.6808563273073253,0.22362696511302643
21.4633705,-12.98103762,B,-0.1975961538461539,24693.029699168907
31.11357654,-8.3957364,K,-0.6808563273073253,0.22362696511302643
343.87760535,-25.32578684,F,1.83,5.19
18.74958309,-14.2104428,B,-0.1975961538461539,24693.029699168907
91.97934008,20.38554832,B,0.61,89.55
57.64615022,5.39827438,K,-0.5,20.36
66.39734593,9.79073198,K,-0.6808563273073253,0.22362696511302643
359.65386512,-21.37327878,G,3.27,0.74
355.78855006,-22.5156636,G,1.5541858141858127,1.4605227901814972
84.5558707,17.72436732,A,0.79,36.48
341.64839085,-25.75943632,K,-0.6808563273073253,0.22362696511302643
64.44035729,8.80254178,G,-1.31,40.79
337.8914807,-26.37281077,A,0.9189775051124738,13.275911018388857
97.53511466,22.09696929,A,0.9189775051124738,13.275911018388857
46.80499478,-0.34188301,K,-0.6808563273073253,0.22362696511302643
48.84934226,0.73930951,K,-1.07,33.82
84.50066143,17.68476537,A,0.13,71.46
40.58315119,-3.62439063,F,1.93,5.23
79.83686349,15.82167323,A,0.9189775051124738,13.275911018388857
62.63764455,7.87523105,B,-0.1975961538461539,24693.029699168907
59.14079338,6.09708359,B,-0.1975961538461539,24693.029699168907
66.24972185,9.65508166,G,-0.79,26.45
358.80923238,-21.68854413,K,-0.6808563273073253,0.22362696511302643
18.93818926,-14.20987973,A,0.88,16.16
81.44570557,16.46239946,K,-0.6808563273073253,0.22362696511302643
51.74836458,2.23675635,B,-0.1975961538461539,24693.029699168907
330.36918211,-27.30068853,K,-0.6808563273073253,0.22362696511302643
36.40894276,-5.82876478,F,0.87,14.05
50.83171386,1.74807278,A,0.82,23.62
37.00186392,-5.52916202,K,-0.6808563273073253,164.63
315.52350717,-27.88547157,G,3.04,1.63
82.07177077,16.70320425,K,-0.6808563273073253,0.22362696511302643
85.07329873,17.86971573,A,0.7,27.49
57.19395353,5.05290286,F,1.81,6.69
80.82245983,16.18668868,K,-2.01,75.29
2.91251783,-20.4215355,G,1.5541858141858127,1.4605227901814972
346.8849152,-24.79006826,G,1.5541858141858127,1.4605227901814972
357.34176539,-22.15566971,A,0.9189775051124738,13.275911018388857
49.94724005,1.24431052,A,0.58,46.44
335.16929137,-26.78867671,G,1.5541858141858127,1.4605227901814972
83.40543857,17.21204111,K,-1.77,69.99
94.99599099,21.29433792,M,-1.2799270072992703,0.021972455607761267
74.83235349,13.61734428,G,3.28,0.95
340.89533923,-25.94411607,B,0.04,384.84
345.01057351,-25.188087,K,-0.6808563273073253,0.22362696511302643
88.07019022,18.96268792,A,1.39,12.97
358.49772445,-21.82896303,F,2.52,3.0
63.54303328,8.26128026,A,0.9189775051124738,13.275911018388857
64.71478872,8.83875485,A,0.9189775051124738,13.275911018388857
50.6723022,1.60148842,F,2.79,1.94
353.58015557,-23.21620548,K,-0.6808563273073253,0.22362696511302643
47.65117311,-0.00220347,K,-0.6808563273073253,0.22362696511302643
30.87357971,-8.70084898,A,0.9189775051124738,13.275911018388857
2.71168633,-20.52186541,F,1.7449286314021815,2.6843617841590257
53.44183894,3.04726951,B,-0.65,141.41
51.66815581,2.11075447,A,0.9189775051124738,13.275911018388857
68.18756232,10.5117042,K,-0.6808563273073253,0.22362696511302643
36.37139012,-5.94028286,K,-0.6808563273073253,56.34
9.8376574,-18.0185973,K,-0.6808563273073253,0.22362696511302643
108.45962326,24.81171308,K,-2.76,141.99
44.61421052,-1.64046991,G,-1.8,77.86
32.68735261,-7.82477201,G,1.5541858141858127,1.4605227901814972
75.09168813,13.69045183,G,2.07,3.2
15.75281757,-15.67420983,A,0.88,21.52
82.10534896,16.65503959,K,-0.6808563273073253,0.22362696511302643
105.00526354,24.02650185,A,0.96,19.74
81.12142308,16.25405754,F,1.7449286314021815,0.99
72.17766394,12.3583087,A,0.33,59.94
71.16725765,11.88996066,A,1.44,8.98
26.19976575,-11.02504729,B,1.41,18.32
4.86107789,-19.84123317,G,1.84,4.49
76.09797415,14.11705329,A,0.9189775051124738,13.275911018388857
10.98063689,-17.61105638,K,-0.6808563273073253,0.22362696511302643
21.94697179,-13.00368956,K,-3.37,163.69
73.36463067,12.89300741,K,3.94,0.4
69.49517492,11.09344455,A,-0.22,109.92
62.9549383,7.8883104,A,0.9189775051124738,13.275911018388857
65.79876093,9.29883539,B,-0.1975961538461539,24693.029699168907
52.72467417,2.60012565,K,-0.6808563273073253,0.22362696511302643
45.01583372,-1.48506164,B,-0.1975961538461539,24693.029699168907
60.28217096,6.52435601,K,-0.6808563273073253,0.22362696511302643
4.99068707,-19.82641272,G,1.78,4.41
352.02377863,-23.68654733,M,4.75,0.05
38.0969841,-5.13906065,A,1.56,7.43
59.99621885,6.35695578,A,0.3,42.49
322.49453476,-27.85830285,F,1.15,11.33
49.77913209,0.9969707,F,2.51,2.91
108.13088074,24.71799233,F,2.36,3.33
44.18288412,-1.97504976,A,0.9189775051124738,13.275911018388857
56.77043486,4.6677423,B,-0.1975961538461539,24693.029699168907
16.94070722,-15.26781349,K,-0.6808563273073253,0.22362696511302643
48.68971693,0.4069041,F,1.75,5.41
338.08170171,-26.46954593,G,1.91,3.89
14.39885605,-16.32967865,K,0.37,10.35
72.43011898,12.40239759,K,-0.6808563273073253,0.22362696511302643
354.85498937,-22.98262273,F,1.7449286314021815,2.6843617841590257
42.47605095,-2.89391058,F,0.81,13.35
29.8066044,-9.38440128,G,1.5541858141858127,1.4605227901814972
1.247403,-21.11616048,K,-1.19,38.44
335.73057819,-26.80527508,F,1.58,6.88
9.1107648,-18.42246785,F,2.61,2.67
53.60663652,2.96641299,B,-0.1975961538461539,24693.029699168907
34.69022292,-6.96672826,K,-0.6808563273073253,0.22362696511302643
64.54892012,8.58720678,B,-0.1975961538461539,24693.029699168907
2.51978469,-20.72872003,F,1.7449286314021815,2.6843617841590257
17.40138225,-15.12482246,G,1.5541858141858127,1.4605227901814972
5.70118479,-19.66946434,F,1.7449286314021815,2.6843617841590257
1.49756517,-21.06906179,F,1.7449286314021815,2.68
77.25345141,14.51832476,G,1.5541858141858127,1.4605227901814972
45.14234265,-1.54114165,K,-0.6808563273073253,0.22362696511302643
56.14675951,4.27420305,M,-6.24,233.97
23.28809647,-12.53725343,G,-1.82,58.4
355.95037618,-22.72711136,G,1.98,4.23
73.07076781,12.64436904,G,-1.94,69.23
72.43852943,12.34539681,A,0.46,45.26
85.52875048,17.88424547,A,0.13,73.52
345.88970992,-25.15520066,A,0.72,37.35
77.9654928,14.80677451,K,-0.6808563273073253,0.22362696511302643
72.14656498,12.20432277,K,-0.6808563273073253,0.22362696511302643
113.87937888,25.8319156,K,-4.9,276.47
341.81799006,-25.92258858,K,-0.6808563273073253,0.22362696511302643
357.25023718,-22.37994694,G,3.03,1.01
69.4460691,10.93069843,G,2.65,1.9
47.1395631,-0.51817663,A,-0.27,54.2
43.44039458,-2.4775899,A,0.9189775051124738,13.275911018388857
347.21369796,-24.88553245,K,-0.6808563273073253,0.22362696511302643
9.5380085,-18.3172374,G,1.5541858141858127,1.4605227901814972
2.75969095,-20.69460451,B,-1.26,793.6
43.09457289,-2.66772628,A,1.68,8.38
36.12282442,-6.30913223,B,-0.1975961538461539,24693.029699168907
356.58731934,-22.5830041,G,1.5541858141858127,1.4605227901814972
47.63251294,-0.28128128,A,0.45,25.44
50.79471253,1.3917639,G,3.24,1.03
68.93757657,10.6620259,F,0.94,14.27
95.51396507,21.33110945,B,-0.48,290.49
81.98414385,16.45868569,K,-0.6808563273073253,0.22362696511302643
333.46159462,-27.12584286,G,1.5541858141858127,1.4605227901814972
41.66957737,-3.4581126,B,-0.1975961538461539,24693.029699168907
343.57230845,-25.63610361,M,-1.2799270072992703,0.021972455607761267
75.22038824,13.5613425,K,-0.6808563273073253,0.22362696511302643
46.85877463,-0.72541533,F,1.42,7.26
67.82948268,10.10419064,K,-0.6808563273073253,0.22362696511302643
67.82849628,10.10134983,K,-0.6808563273073253,0.22362696511302643
46.42396666,-0.96120059,F,1.22,22.16
8.3402683,-18.82037148,F,1.7449286314021815,2.6843617841590257
7.50121657,-19.12410317,K,-0.6808563273073253,0.22362696511302643
76.6092482,14.16123829,K,-1.97,88.19
7.72697618,-19.04744856,G,3.85,0.51
46.03990515,-1.18174508,A,1.06,23.39
56.90331526,4.5592577,G,1.5541858141858127,1.4605227901814972
61.5365861,6.94875784,A,0.9189775051124738,13.275911018388857
342.77295361,-25.80172037,K,-0.6808563273073253,0.22362696511302643
58.33343126,5.29835728,K,-0.6808563273073253,0.22362696511302643
61.47177011,6.90988979,G,1.5541858141858127,1.4605227901814972
338.91617278,-26.43879706,A,0.9189775051124738,13.275911018388857
18.4559639,-14.80509366,G,1.5541858141858127,1.4605227901814972
27.78242168,-10.54722615,G,3.24,0.88
41.18453778,-3.76695532,G,1.5541858141858127,1.4605227901814972
41.17740283,-3.77128987,G,1.5541858141858127,1.4605227901814972
60.01108404,6.15153519,A,0.9189775051124738,13.275911018388857
39.42796176,-4.68954004,K,-0.6808563273073253,0.22362696511302643
27.70571966,-10.59512727,A,1.4,10.67
30.24048748,-9.36353789,K,-3.9,0.22362696511302643
65.80342549,9.07047839,A,0.9189775051124738,13.275911018388857
318.89789768,-27.98572899,F,2.44,3.35
49.18725857,0.44902112,F,2.72,2.57
40.20460812,-4.30503953,G,1.5541858141858127,1.4605227901814972
11.6814679,-17.61163298,F,1.7449286314021815,2.6843617841590257
59.83716779,6.0376986,F,1.73,5.66
59.85251159,6.04550127,K,-2.96,183.64
68.62481604,10.43080482,A,0.9189775051124738,13.275911018388857
33.48110131,-7.77562178,K,4.31,0.25
73.50061287,12.72035292,M,-1.2799270072992703,0.021972455607761267
60.97056003,6.61334571,A,0.07,45.7
350.25849206,-24.29738605,G,1.5541858141858127,1.4605227901814972
48.75896849,0.19380008,B,-0.1975961538461539,24693.029699168907
1.9835125,-21.06463332,M,-1.2799270072992703,0.021972455607761267
325.63061164,-27.81060137,F,2.5,2.79
88.77235417,18.99211547,M,-5.26,0.021972455607761267
62.38482204,7.30480489,G,1.5541858141858127,1.4605227901814972
13.45794416,-16.95546763,K,-0.15,13.21
349.71494522,-24.44174272,F,1.7449286314021815,2.6843617841590257
88.02656513,18.71264697,A,0.66,50.34
3.96772992,-20.43863279,K,-0.6808563273073253,0.22362696511302643
101.21977561,22.94437707,K,3.43,0.5
40.4947115,-4.21558686,A,0.73,32.19
39.63005759,-4.67125138,B,-0.1975961538461539,24693.029699168907
54.72015612,3.31319628,K,-0.6808563273073253,0.22362696511302643
0.02871394,-21.71151987,F,1.44,6.59
26.69425894,-11.17937962,M,-1.2799270072992703,0.021972455607761267
339.68741884,-26.37995371,F,1.7449286314021815,2.6843617841590257
64.76163915,8.46445968,B,-0.08,224.86
77.17626513,14.31135371,G,1.5541858141858127,1.4605227901814972
37.34586466,-5.88446436,A,0.9189775051124738,13.275911018388857
6.42928052,-19.62339413,K,-0.6808563273073253,0.22362696511302643
35.08062043,-7.05132443,F,2.13,4.71
71.90070481,11.91606302,G,-1.98,101.71
51.17564963,1.40569801,F,1.7449286314021815,2.6843617841590257
55.55410363,3.71724799,A,0.9189775051124738,13.275911018388857
32.20787055,-8.51156825,K,4.44,0.21
53.17306612,2.45481129,A,0.9189775051124738,13.275911018388857
24.22483772,-12.3621383,B,-0.1975961538461539,24693.029699168907
81.68517541,16.20904281,K,-0.6808563273073253,120.79
20.69571737,-13.96789748,M,-1.2799270072992703,0.021972455607761267
70.52736029,11.25065659,K,-0.6808563273073253,0.22362696511302643
337.08747924,-26.77218518,G,2.63,1.88
31.39486977,-8.93253082,G,-0.47,25.96
67.56959298,9.82287518,B,-0.77,371.69
30.19036566,-9.53272763,K,-0.6808563273073253,0.22362696511302643
71.22806636,11.57441055,A,0.9189775051124738,13.275911018388857
0.81894852,-21.50515289,G,1.5541858141858127,1.4605227901814972
358.1612507,-22.30480433,A,0.9189775051124738,13.275911018388857
35.47150782,-6.89244087,B,-0.18,136.72
80.84989765,15.84766686,K,-3.49,243.49
10.21295613,-18.29064894,M,-1.2799270072992703,0.021972455607761267
34.05389924,-7.62027009,K,-1.82,62.31
15.63205741,-16.16027415,A,1.21,14.73
53.11168623,2.38262071,A,0.9189775051124738,13.275911018388857
38.89646318,-5.14107114,A,0.9189775051124738,13.275911018388857
38.76014547,-5.21429876,B,-0.1975961538461539,24693.029699168907
96.89609757,21.65854244,A,0.22,65.75
49.06186674,0.22128135,F,1.7449286314021815,2.6843617841590257
13.90066071,-16.87564267,K,-1.25,42.1
15.01200639,-16.42884379,K,-0.6808563273073253,0.22362696511302643
6.57939288,-19.62956788,G,1.5541858141858127,1.4605227901814972
320.22308728,-28.01670823,A,1.52,18.01
109.95308196,25.025537,F,0.77,16.45
45.74058347,-1.55550167,F,1.05,9.9
355.59859765,-23.05311794,F,1.52,6.83
320.08712332,-28.02019149,K,-0.6808563273073253,0.22362696511302643
95.23172111,21.12860605,A,1.2,12.3
80.20317674,15.55059472,A,0.9189775051124738,13.275911018388857
103.51611262,23.51576846,K,-1.98,97.18
348.1284691,-24.87547513,F,1.7449286314021815,2.6843617841590257
55.60878795,3.66358444,K,-0.6808563273073253,0.22362696511302643
359.45221006,-21.9649108,K,-0.6808563273073253,0.22362696511302643
348.13109091,-24.87727729,F,1.7449286314021815,2.6843617841590257
75.85474775,13.65424446,G,1.76,5.11
32.24952793,-8.57913227,K,-0.6808563273073253,0.22362696511302643
322.52308671,-27.98005403,F,2.23,3.65
67.56247858,9.75059676,A,0.9189775051124738,13.275911018388857
5.79301908,-19.93870987,F,1.7449286314021815,2.6843617841590257
359.80088436,-21.8751098,G,3.39,1.05
26.06297086,-11.60083004,K,-0.6808563273073253,0.22362696511302643
16.48456914,-15.87109031,B,-0.1975961538461539,24693.029699168907
5.23177973,-20.13940179,G,1.5541858141858127,1.11
48.34304887,-0.22112651,G,-1.74,68.44
42.84520906,-3.14130268,B,-0.1975961538461539,24693.029699168907
55.96476878,3.82011077,B,0.83,67.39
5.23069701,-20.14307581,G,3.98,0.24
52.39855394,1.93431368,G,2.43,2.73
37.12717894,-6.13932634,A,1.4,10.77
348.93788163,-24.73027551,K,-0.6808563273073253,0.22362696511302643
12.64787378,-17.44189602,F,1.91,5.21
70.90086024,11.33056612,F,0.56,19.16
53.27186008,2.37316632,F,1.7449286314021815,6.22
90.58047927,19.53387181,F,1.7449286314021815,2.6843617841590257
43.88953746,-2.62734386,F,1.7449286314021815,2.6843617841590257
74.50573442,12.99521975,K,-2.0,80.15
7.0860258,-19.53185373,K,-0.6808563273073253,0.22362696511302643
40.87578881,-4.22170004,K,-4.46,369.16
25.45882703,-11.93830753,B,-0.1975961538461539,24693.029699168907
332.39821608,-27.38084649,F,1.7449286314021815,2.6843617841590257
14.50518259,-16.72841081,K,0.04,14.33
344.69817251,-25.61940623,G,2.13,2.88
35.27655564,-7.13781882,K,-2.65,121.33
6.90152508,-19.61343837,G,1.5541858141858127,1.4605227901814972
19.37242447,-14.70910805,G,1.5541858141858127,1.4605227901814972
42.81793683,-3.23234819,K,-0.34,18.21
354.43895113,-23.45979028,G,1.5541858141858127,1.4605227901814972
54.91160755,3.1639073,B,-0.1975961538461539,24693.029699168907
49.32096752,0.19134828,B,1.06,43.59
41.18056411,-4.13142397,B,-0.1975961538461539,24693.029699168907
341.16064281,-26.27225999,K,-0.72,21.07
25.22272436,-12.11933472,F,1.7449286314021815,2.6843617841590257
24.41880939,-12.49288683,A,1.82,9.46
62.78624855,7.24153924,K,-0.6808563273073253,0.22362696511302643
27.1515173,-11.22373046,M,-1.2799270072992703,0.021972455607761267
342.68219638,-26.02791114,A,0.9189775051124738,13.275911018388857
53.89270425,2.59708751,A,0.9189775051124738,13.275911018388857
31.32648179,-9.20347909,K,-0.6808563273073253,0.22362696511302643
18.10499516,-15.31896976,K,-0.6808563273073253,0.22362696511302643
88.95098463,18.89170988,K,-3.44,270.75
43.74979847,-2.80949246,B,-0.1975961538461539,24693.029699168907
66.83876447,9.25789575,A,0.9189775051124738,13.275911018388857
65.38246034,8.53294969,K,-0.6808563273073253,0.22362696511302643
59.04874864,5.29018283,B,-0.1975961538461539,24693.029699168907
48.12863997,-0.49713206,A,1.04,28.1
3.33379429,-20.90318658,G,3.55,0.86
356.2981152,-23.01285825,G,1.5541858141858127,1.4605227901814972
326.16738189,-27.89625342,G,1.5541858141858127,1.4605227901814972
44.2674395,-2.57797859,B,-0.1975961538461539,24693.029699168907
341.81741022,-26.20298473,G,1.5541858141858127,1.4605227901814972
36.7827293,-6.50307071,G,-1.58,50.33
83.70906159,16.84928797,A,-0.31,57.34
53.92948743,2.560941,A,0.9189775051124738,13.275911018388857
34.16085018,-7.84444775,K,-0.6808563273073253,0.22362696511302643
18.74255985,-15.10300771,B,-0.36,268.36
329.19565988,-27.71374798,A,0.9189775051124738,13.275911018388857
45.66690666,-1.84901833,A,0.9189775051124738,13.275911018388857
356.46421187,-22.99256747,G,1.5541858141858127,1.4605227901814972
59.04247065,5.23931275,B,0.58,37.55
8.72073687,-19.08641638,G,2.45,2.72
55.18852898,3.21329787,G,1.5541858141858127,1.4605227901814972
45.94471653,-1.70903666,B,-0.1975961538461539,24693.029699168907
111.51872159,25.30080196,A,0.61,38.2
20.05762474,-14.5478071,A,0.46,33.98
59.98941162,5.72566511,F,2.23,4.42
62.9127135,7.22771543,A,-0.41,83.76
343.12516477,-25.99637489,K,-1.53,53.49
20.62603584,-14.30429408,F,1.81,5.53
52.04384473,1.53165146,M,-1.2799270072992703,0.021972455607761267
73.08552301,12.2058728,B,-0.1975961538461539,24693.029699168907
22.19944125,-13.61173023,F,1.7449286314021815,2.6843617841590257
21.83891369,-13.77465171,B,-6.02,3911.9
12.10052988,-17.84074956,K,-2.4,88.38
108.85974378,24.73235612,K,3.53,0.53
23.63221671,-12.96905815,A,1.38,13.02
32.07771161,-8.93452271,A,2.15,8.02
34.75857984,-7.58866847,B,-0.1975961538461539,24693.029699168907
9.58220012,-18.80120544,F,1.7449286314021815,2.6843617841590257
93.98313989,20.59938324,K,-0.6808563273073253,0.22362696511302643
86.98191137,18.09837388,A,0.64,28.13
58.97460293,5.15833557,G,3.0,1.48
61.81895768,6.62791047,M,5.81,0.03
19.64074348,-14.7747393,K,-1.78,61.55
312.14377872,-27.91244564,K,-0.6808563273073253,0.22362696511302643
0.30949417,-21.9274916,F,3.22,1.08
42.73517132,-3.47202033,F,1.97,4.62
46.11191777,-1.68311228,K,-0.6808563273073253,0.22362696511302643
16.47705342,-16.12810682,F,1.88,5.24
87.12447737,18.1383138,A,1.08,22.71
94.29088317,20.6869777,A,0.9189775051124738,13.275911018388857
357.66511853,-22.71376908,F,1.7449286314021815,2.6843617841590257
56.35093109,3.74919343,B,-0.1975961538461539,24693.029699168907
351.77681065,-24.25658837,K,-0.6808563273073253,0.22362696511302643
351.1396141,-24.41242556,G,1.5541858141858127,1.4605227901814972
101.99072112,23.00549979,A,0.9189775051124738,13.275911018388857
71.6313965,11.45220176,K,-0.6808563273073253,0.22362696511302643
32.17862166,-8.96507303,F,1.58,6.59
8.83573869,-19.13975675,G,2.13,3.51
52.16118628,1.49596222,B,0.01,73.87
48.77713517,-0.31530855,F,2.4,4.63
38.10214506,-5.96300906,B,-0.1975961538461539,24693.029699168907
57.22219908,4.16634569,K,-0.52,16.78
324.96393807,-28.00158666,K,-0.6808563273073253,0.22362696511302643
356.15148585,-23.17730333,K,-1.58,41.06
31.01053623,-9.58060254,F,0.88,11.31
56.40463779,3.71170672,B,-0.1975961538461539,24693.029699168907
51.21539934,0.95077054,B,-0.1975961538461539,24693.029699168907
16.10109961,-16.3760538,K,-0.6808563273073253,0.22362696511302643
21.30142661,-14.16003765,K,-0.6808563273073253,0.22362696511302643
353.08019474,-23.99959593,G,1.5541858141858127,1.4605227901814972
83.50555575,16.64767221,K,-0.6808563273073253,0.22362696511302643
29.0663986,-10.57288789,B,0.34,92.98
357.18680281,-22.93206161,F,1.7449286314021815,2.6843617841590257
36.81579242,-6.69864067,F,2.32,3.55
36.24799129,-6.99118748,K,-1.62,67.82
66.55821043,8.90596862,K,4.47,0.16
39.45780814,-5.34457306,F,1.7449286314021815,2.6843617841590257
33.21793517,-8.5474939,B,-0.1975961538461539,24693.029699168907
6.46631578,-20.06115555,M,-1.2799270072992703,0.021972455607761267
46.71539275,-1.52547153,A,0.9189775051124738,13.275911018388857
29.97670496,-10.1678253,B,1.23,18.98
56.12958401,3.48603268,B,-0.1975961538461539,24693.029699168907
349.09526038,-24.96014988,G,3.5,0.87
60.5453645,5.79878418,K,-0.6808563273073253,0.22362696511302643
329.83104459,-27.75885906,K,-0.6808563273073253,0.22362696511302643
17.80648876,-15.73790146,K,-0.6808563273073253,0.22362696511302643
84.41366293,16.97606432,A,0.09,70.49
66.24680108,8.7056737,K,-1.3,56.39
33.15785416,-8.61680734,B,-0.61,95.94
74.39844096,12.62874983,G,1.5541858141858127,1.4605227901814972
77.10793916,13.85957687,K,-0.6808563273073253,0.22362696511302643
346.37010478,-25.53932791,F,1.22,12.17
28.59158298,-10.88043192,A,0.9189775051124738,13.275911018388857
353.61346563,-23.92755759,B,-0.1975961538461539,477.03
346.83313721,-25.45012474,K,-0.6808563273073253,0.22362696511302643
358.49695404,-22.62260246,A,0.9189775051124738,13.275911018388857
17.5083529,-15.89668816,K,-0.37,16.14
69.94395948,10.50040331,K,-3.08,229.18
64.65496319,7.87169826,A,0.9189775051124738,13.275911018388857
58.57922414,4.72288076,K,-0.6808563273073253,0.22362696511302643
43.56293215,-3.27435687,A,2.12,6.44
63.34921736,7.18538992,K,-1.48,54.91
47.97545795,-0.93782499,K,-0.6808563273073253,0.22362696511302643
342.68832672,-26.23401927,K,-0.6808563273073253,0.22362696511302643
5.92766254,-20.32875319,M,-1.2799270072992703,0.021972455607761267
45.32866123,-2.35667609,F,2.32,3.72
80.45305175,15.28867792,K,-0.6808563273073253,0.22362696511302643
329.85195981,-27.78670496,K,3.68,0.57
33.94076651,-8.29703749,A,0.9189775051124738,13.275911018388857
340.74156111,-26.55453381,A,0.9189775051124738,13.275911018388857
101.32299634,22.74702797,A,0.9189775051124738,13.275911018388857
59.77946801,5.32026227,B,0.09,201.38
342.90021734,-26.20749702,A,0.9189775051124738,21.31
5.51770788,-20.48613857,G,2.49,2.42
38.92397253,-5.76221292,B,-0.1975961538461539,24693.029699168907
88.29113069,18.43134799,K,-0.6808563273073253,0.22362696511302643
334.709462,-27.35389483,K,-0.6808563273073253,0.22362696511302643
23.54982117,-13.32960414,K,2.86,1.02
34.98259041,-7.80526967,F,1.7449286314021815,2.6843617841590257
86.39364394,17.6954377,K,-1.57,57.07
103.36028594,23.29717852,A,0.4,27.63
342.77904783,-26.24699075,F,2.34,3.61
87.52284652,18.12515857,F,1.42,9.5
74.92911346,12.79241695,A,0.58,50.65
82.5108697,16.12189564,A,1.4,14.83
79.36246988,14.77660793,K,3.74,0.6
11.67176095,-18.31943131,G,2.66,1.85
3.27890239,-21.25818772,G,1.5541858141858127,1.4605227901814972
49.23220313,-0.33975096,F,3.21,1.41
9.88357982,-18.99119222,F,1.7449286314021815,2.6843617841590257
323.79773451,-28.11647047,K,-0.6808563273073253,0.22362696511302643
343.74807977,-26.09344972,F,1.7449286314021815,2.6843617841590257
29.87739065,-10.38000118,K,-2.81,115.67
65.88560834,8.40211932,F,0.29,21.67
39.8146757,-5.35116043,B,-0.1975961538461539,24693.029699168907
64.62721341,7.76006954,A,0.44,33.67
354.95258657,-23.67457134,K,-0.6808563273073253,0.22362696511302643
357.12124262,-23.10214462,G,4.62,0.29
49.78445406,-0.06638202,A,1.3,13.08
12.90375978,-17.87667221,K,-0.6808563273073253,0.22362696511302643
347.66495973,-25.36921472,F,2.85,1.6
54.51646773,2.44668524,K,1.14,28.08
3.04929921,-21.36412127,F,1.7449286314021815,2.6843617841590257
53.72069957,2.02062563,F,2.83,2.3
353.28292469,-24.11619348,F,-0.14,27.57
78.88923384,14.52965681,A,0.04,57.86
333.91581397,-27.47647596,G,3.29,0.88
109.7159057,24.83904921,K,-0.6808563273073253,0.22362696511302643
43.27070694,-3.57567727,K,-0.6808563273073253,0.22362696511302643
30.64244581,-10.06218253,K,4.52,0.15
83.99800627,16.68816671,A,0.9189775051124738,13.275911018388857
45.03120739,-2.65224817,A,0.9189775051124738,13.275911018388857
346.98406313,-25.53357528,G,2.86,1.49
49.62553603,-0.21020863,A,1.27,13.01
330.50201105,-27.79522653,A,0.57,76.85
353.04478405,-24.20626353,A,0.9189775051124738,13.275911018388857
81.80906779,15.76083176,B,-0.44,233.61
50.07419028,0.01724977,B,-0.1975961538461539,24693.029699168907
14.14194537,-17.45015004,K,-0.6808563273073253,0.22362696511302643
54.79683662,2.54102057,G,3.02,1.29
357.99506898,-22.91880357,K,-0.6808563273073253,0.22362696511302643
86.0971544,17.49657439,K,-0.6808563273073253,0.22362696511302643
57.81849141,4.12424766,F,1.07,11.36
3.94010315,-21.14163506,K,-0.6808563273073253,1.96
79.73136306,14.84905637,K,-1.63,60.9
326.17910818,-28.06851207,F,2.51,2.39
36.12486047,-7.38301526,B,-0.1975961538461539,24693.029699168907
24.53953286,-13.03499956,K,-0.6808563273073253,0.22362696511302643
40.36479847,-5.19041456,B,-0.1975961538461539,24693.029699168907
66.07601873,8.38324341,G,3.51,0.72
100.37654419,22.40800273,M,-1.2799270072992703,0.021972455607761267
333.18817818,-27.5896539,G,2.33,2.75
343.44642548,-26.22810313,K,-1.38,53.44
22.16823639,-14.1281288,B,-0.02,84.69
359.18162584,-22.62479223,F,1.7449286314021815,2.6843617841590257
44.31934023,-3.12882321,G,1.5541858141858127,1.4605227901814972
359.17753401,-22.62873807,K,-0.6808563273073253,0.22362696511302643
0.11680996,-22.35616968,K,3.7,0.47
336.45783373,-27.24489814,G,2.81,1.42
341.26236468,-26.589509,F,1.59,7.04
61.39738053,5.95950996,A,0.9189775051124738,13.275911018388857
44.88988782,-2.83348472,B,-0.1975961538461539,24693.029699168907
359.42645269,-22.56847358,G,1.5541858141858127,1.4605227901814972
353.0102415,-24.27335636,F,3.52,1.07
50.58928319,0.20717567,K,-0.6808563273073253,0.22362696511302643
312.60552957,-28.00596973,G,1.5541858141858127,1.4605227901814972
72.97118615,11.72417551,B,-0.1975961538461539,24693.029699168907
1.35862443,-22.00444268,F,1.5,8.21
318.53504056,-28.20826733,F,1.7449286314021815,2.6843617841590257
72.08480181,11.29650348,A,0.5,46.46
54.56865199,2.32073823,B,-1.86,441.48
99.40658386,22.09853849,F,2.92,1.66
71.87771533,11.19119168,K,-0.86,190.94
20.88868199,-14.74506595,A,0.9189775051124738,26.59
312.42658573,-27.99935907,G,2.22,2.59
3.51797819,-21.35115859,K,-0.6808563273073253,0.22362696511302643
50.82799783,0.30063169,B,-0.1975961538461539,24693.029699168907
357.71157594,-23.08943903,B,-0.1975961538461539,129.96
5.1586624,-20.83416746,G,1.5541858141858127,1.4605227901814972
104.09234648,23.41926625,K,-0.6808563273073253,0.22362696511302643
333.55243492,-27.59017047,K,4.05,0.35
336.79332484,-27.24031176,M,-1.2799270072992703,0.021972455607761267
75.3876992,12.8155391,G,-1.82,94.2
70.543566,10.51102017,F,0.07,43.37
65.66671212,8.08184736,K,-2.75,108.57
58.38059188,4.29801458,A,0.9189775051124738,13.275911018388857
9.80437211,-19.23650157,A,0.9189775051124738,13.275911018388857
65.60038715,8.04394996,G,1.5541858141858127,1.4605227901814972
4.97476227,-20.92098467,A,1.94,7.07
2.54125618,-21.70228223,K,-0.6808563273073253,0.22362696511302643
344.13827427,-26.17316177,G,2.45,2.24
337.32972038,-27.18876106,K,-0.6808563273073253,0.22362696511302643
76.83213487,13.45544304,K,1.23,5.36
30.37288954,-10.41018321,A,2.2,5.49
46.82302365,-1.9086788,K,-1.41,49.9
61.66954204,6.00099349,B,-0.1975961538461539,24693.029699168907
2.90985663,-21.59460222,F,1.7449286314021815,2.6843617841590257
52.62042786,1.19960586,A,1.77,10.82
78.24043328,14.08318344,B,0.46,82.62
327.35521141,-28.06415399,K,-3.28,196.81
69.04507967,9.74376089,K,-1.43,51.07
46.03785969,-2.34255994,A,1.89,8.49
62.90370942,6.62678803,B,-1.77,1151.1
92.48432738,19.79427428,K,-1.81,75.84
3.96949087,-21.27361738,G,1.5541858141858127,1.4605227901814972
91.63708937,19.48854807,K,-0.81,27.23
80.11551061,14.89725801,A,0.77,42.71
71.56342984,10.96028456,K,-2.96,146.28
341.71801295,-26.59119438,K,3.95,0.52
67.35538492,8.8820965,A,0.9189775051124738,13.275911018388857
6.60744578,-20.41063206,G,1.5541858141858127,1.4605227901814972
355.35565414,-23.77773869,G,2.94,1.35
111.73963791,25.23047913,F,0.7,17.28
327.48288937,-28.06838398,B,-0.1975961538461539,24693.029699168907
53.27300654,1.51236869,B,1.1,36.54
333.41332355,-27.6368615,F,1.81,6.14
10.67438872,-18.98012007,G,1.5541858141858127,1.4605227901814972
60.77629927,5.47887835,B,-0.1975961538461539,24693.029699168907
64.19592613,7.25087019,B,-0.1975961538461539,24693.029699168907
54.86138733,2.33900539,F,1.92,4.09
325.39012943,-28.16763745,F,1.85,4.95
326.48283142,-28.12452339,K,-1.79,67.64
64.98565843,7.6507823,A,0.9189775051124738,13.275911018388857
339.41200214,-26.95465131,G,1.5541858141858127,1.4605227901814972
57.01606572,3.47631472,A,0.9189775051124738,13.275911018388857
354.48050932,-24.03086626,M,-4.81,0.021972455607761267
61.99920505,6.09888303,K,-1.77,65.02
51.70144042,0.62643747,A,0.77,33.83
60.0185325,5.05894752,A,0.9189775051124738,13.275911018388857
61.56192704,5.86766416,B,0.42,108.31
41.6650275,-4.74275846,G,1.72,5.05
28.25186037,-11.52609865,K,-2.82,150.77
333.00824961,-27.69860606,M,-1.2799270072992703,0.021972455607761267
341.33485352,-26.68912503,B,-0.1975961538461539,24693.029699168907
323.45255177,-28.2338317,M,-1.2799270072992703,0.021972455607761267
47.61099328,-1.5962044,K,-3.87,336.87
19.31845955,-15.59946367,G,1.5541858141858127,1.4605227901814972
10.67557362,-19.04117822,B,-0.76,484.7
69.75019942,10.00005071,A,0.9189775051124738,13.275911018388857
351.64709191,-24.73951089,K,-0.6808563273073253,0.22362696511302643
350.06158838,-25.09408557,F,1.7449286314021815,2.6843617841590257
11.51862306,-18.73814221,B,-0.1975961538461539,24693.029699168907
81.85809458,15.57991809,M,-7.28,28.31
55.75862314,2.75174828,F,1.7449286314021815,2.6843617841590257
15.25707305,-17.29420523,G,2.9,1.68
7.76800254,-20.09831296,K,-0.6808563273073253,0.22362696511302643
16.33278784,-16.86411105,K,5.11,0.07
42.49640798,-4.36163625,K,-0.6808563273073253,0.22362696511302643
46.04707549,-2.4715594,A,0.9189775051124738,13.275911018388857
6.64620933,-20.48858237,G,3.95,0.56
41.54469462,-4.86843346,F,1.7449286314021815,2.6843617841590257
71.20092868,10.67265724,A,0.9189775051124738,13.275911018388857
25.19854262,-13.03957134,F,1.7449286314021815,2.6843617841590257
45.70047091,-2.68353987,A,0.9189775051124738,13.275911018388857
25.26178373,-13.01269232,K,-3.24,161.81
60.58381182,5.27591559,G,1.5541858141858127,1.4605227901814972
56.37960447,3.04634158,G,3.52,0.85
345.83710518,-25.97305516,G,1.5541858141858127,1.4605227901814972
316.80013241,-28.22788642,F,1.7449286314021815,2.6843617841590257
54.38814621,1.96929355,A,0.9189775051124738,50.54
31.86762111,-9.86637932,A,1.42,11.55
57.63451862,3.70195778,G,1.5541858141858127,1.4605227901814972
51.76244047,0.55375088,A,1.03,22.42
97.56323279,21.42538317,F,1.7449286314021815,2.6843617841590257
349.84445223,-25.18854226,K,-0.6808563273073253,0.22362696511302643
75.58093902,12.73028031,G,-1.59,58.65
85.84053298,17.18477155,K,-0.6808563273073253,0.22362696511302643
19.64863734,-15.54901788,K,-0.6808563273073253,0.22362696511302643
345.82294642,-25.99707845,K,3.0,1.06
25.99828699,-12.71916433,B,-0.1975961538461539,24693.029699168907
38.40719238,-6.59120487,B,-0.1975961538461539,24693.029699168907
7.52489239,-20.25678129,G,1.5541858141858127,1.4605227901814972
354.0103382,-24.25479022,K,-1.07,34.45
64.93392688,7.47738855,G,2.88,1.92
47.36965647,-1.86567078,G,2.13,1.97
342.21158584,-26.63198633,A,0.23,30.71
335.49249991,-27.51870577,F,1.7449286314021815,2.6843617841590257
54.29343239,1.85085577,B,-0.1975961538461539,24693.029699168907
38.41771874,-6.61595124,G,1.5541858141858127,1.4605227901814972
63.34096134,6.63915161,K,-0.6808563273073253,0.22362696511302643
32.38342181,-9.69001254,F,0.49,23.7
0.96021579,-22.3930299,K,-0.6808563273073253,0.22362696511302643
53.28712049,1.2930927,F,1.7449286314021815,2.6843617841590257
9.29486247,-19.67490598,K,-1.62,58.64
15.43710371,-17.35807883,F,2.69,1.93
19.72748107,-15.58704617,K,-1.4,56.29
68.73076536,9.35339617,A,0.9189775051124738,13.275911018388857
57.84184351,3.71031173,B,-0.1975961538461539,24693.029699168907
12.70986467,-18.43194699,G,2.97,1.43
56.44133563,2.9609695,B,-0.1975961538461539,24693.029699168907
340.14177041,-26.96435502,F,1.28,9.79
358.58234649,-23.10151572,A,0.9189775051124738,13.275911018388857
341.03008254,-26.83686102,K,-0.6808563273073253,0.22362696511302643
36.02551529,-7.89306286,K,-0.6808563273073253,0.22362696511302643
329.51319963,-28.04521755,K,3.96,0.37
346.60415547,-25.90116593,M,-4.73,379.88
350.54283372,-25.10026902,F,2.1,4.81
38.99687916,-6.36825344,F,2.03,3.59
338.60058104,-27.17731677,K,-0.6808563273073253,0.22362696511302643
85.26955418,16.893368,A,0.9189775051124738,13.275911018388857
22.24527419,-14.52391118,A,0.9189775051124738,13.275911018388857
96.36935868,20.98663988,G,1.5541858141858127,1.4605227901814972
59.5423155,4.57946614,B,-0.1975961538461539,24693.029699168907
14.03082645,-17.95551106,A,0.9189775051124738,48.34
43.6242709,-3.95775344,A,0.9189775051124738,13.275911018388857
339.70971805,-27.04299513,K,-0.6808563273073253,0.22362696511302643
69.87410578,9.88485743,K,-0.93,28.31
26.34943104,-12.67621245,F,3.1,1.42
21.38028283,-14.92376956,K,-1.47,42.72
33.72655765,-9.10509268,F,1.7449286314021815,2.6843617841590257
20.62236132,-15.26310219,G,1.5541858141858127,1.4605227901814972
24.14068978,-13.70506344,K,-3.61,232.03
14.13344867,-17.93964105,B,-0.1975961538461539,24693.029699168907
54.75163446,1.99537253,A,0.46,66.98
23.55690632,-13.97692986,K,-0.6808563273073253,0.22362696511302643
353.16588428,-24.54258261,K,-0.6808563273073253,0.22362696511302643
92.6966808,19.7063024,K,-0.6808563273073253,0.22362696511302643
78.82608006,14.0926804,F,1.1,11.74
58.8568512,4.17515133,F,2.67,2.18
33.47126872,-9.2645811,G,2.03,3.17
81.6071644,15.31452598,A,1.75,10.1
48.97672266,-1.14062528,G,1.5541858141858127,1.4605227901814972
74.95298597,12.30407174,A,-0.57,44.27
54.34604888,1.75001335,G,-1.97,73.28
30.57784225,-10.70587717,K,-0.6808563273073253,0.22362696511302643
52.48620183,0.74391369,B,-0.1975961538461539,24693.029699168907
39.61829791,-6.13097701,F,1.51,8.86
335.73901684,-27.55398134,A,0.9189775051124738,13.275911018388857
14.58152199,-17.79435155,K,-3.86,330.12
81.76024421,15.37230559,F,0.94,12.56
67.13796397,8.46565242,G,1.5541858141858127,1.4605227901814972
83.97933214,16.30975309,A,1.89,13.45
310.05294606,-27.89105633,F,1.7449286314021815,2.6843617841590257
36.89574394,-7.55131214,K,-1.66,49.27
8.35068444,-20.11669982,G,1.07,7.45
46.66930545,-2.42241748,B,-0.1975961538461539,24693.029699168907
35.00273206,-8.54692395,B,1.15,19.88
59.9335736,4.69035616,B,-0.1975961538461539,24693.029699168907
320.2092147,-28.34651508,K,-0.6808563273073253,0.22362696511302643
353.86437027,-24.43414784,F,1.7449286314021815,2.6843617841590257
351.46793477,-24.99164772,G,2.97,1.7
16.06504116,-17.26113485,K,-1.09,36.39
334.34585532,-27.72269509,F,1.26,8.92
338.59511281,-27.24909266,K,2.08,2.23
9.97514762,-19.59205781,G,3.07,1.38
89.43113665,18.44896609,B,-0.79,582.98
62.30624919,5.90320493,A,0.9189775051124738,13.275911018388857
49.81470112,-0.78227975,F,1.69,7.0
114.9892651,25.82519981,K,-0.6808563273073253,0.22362696511302643
82.52262772,15.64231254,M,-1.2799270072992703,0.021972455607761267
26.6797563,-12.6642557,M,-1.2799270072992703,0.021972455607761267
59.14530364,4.22042123,A,0.9189775051124738,13.275911018388857
27.07262783,-12.49632914,F,1.7449286314021815,2.6843617841590257
73.52995054,11.53862622,K,-0.6808563273073253,0.22362696511302643
343.35577672,-26.58464808,F,2.44,3.39
358.87279335,-23.17114134,G,1.5541858141858127,1.4605227901814972
6.00738487,-21.00024846,K,-0.6808563273073253,0.22362696511302643
347.99937202,-25.75827267,K,0.5,9.32
28.72231752,-11.72792547,M,-1.2799270072992703,0.021972455607761267
76.97615649,13.1518716,K,-1.81,72.42
356.50025226,-23.81965844,A,0.9189775051124738,13.275911018388857
59.03671921,4.1334819,B,-0.1975961538461539,24693.029699168907
68.97707826,9.28765074,K,-0.6808563273073253,0.22362696511302643
95.43136242,20.58965154,G,1.35,5.85
327.78699505,-28.22008348,G,1.5541858141858127,1.4605227901814972
44.32222653,-3.78930895,B,-0.1975961538461539,24693.029699168907
48.76114175,-1.40654554,B,-0.1975961538461539,24693.029699168907
50.67315747,-0.37643041,F,1.7449286314021815,2.6843617841590257
77.05828648,13.1749031,B,-0.24,450.19
313.89444199,-28.17008786,G,2.21,3.52
86.39652029,17.21509938,K,-3.16,217.56
43.31154435,-4.34901565,F,2.06,5.39
40.04748043,-6.07272183,A,0.9189775051124738,13.275911018388857
74.58181312,12.00072768,A,1.32,12.94
71.37013386,10.44703756,F,0.35,23.94
40.28000461,-5.95543149,F,1.7449286314021815,2.6843617841590257
62.23697962,5.78919943,A,2.35,7.08
48.0807637,-1.80279348,A,0.9189775051124738,13.275911018388857
4.60275371,-21.50129571,G,1.5541858141858127,1.4605227901814972
16.9767764,-16.99191855,B,-0.1975961538461539,24693.029699168907
6.07718189,-21.02490008,G,1.5541858141858127,1.4605227901814972
69.11238807,9.31481881,B,-1.24,688.38
23.14635763,-14.37261929,B,-1.14,232.02
57.03301483,3.00492379,B,-0.1975961538461539,24693.029699168907
50.69046371,-0.41888114,A,0.9189775051124738,13.275911018388857
54.69272414,1.73781665,A,1.3,30.92
330.36561941,-28.10051847,K,-0.6808563273073253,0.22362696511302643
36.8409237,-7.79532592,B,-0.1975961538461539,24693.029699168907
341.95172926,-26.86347275,K,-2.76,131.37
16.7720426,-17.12560522,K,-2.8,158.8
323.85380237,-28.37494535,A,1.56,19.55
90.83371663,18.89919494,K,-1.65,72.24
330.96214447,-28.07282264,A,2.06,15.07
82.68705876,15.61934612,G,2.22,3.36
318.28326196,-28.35845824,A,1.45,14.91
35.19138332,-8.65913822,B,-0.1975961538461539,24693.029699168907
333.18081057,-27.90454787,F,3.22,1.31
48.48836763,-1.6626153,F,0.88,13.22
0.33948604,-22.85807342,G,3.07,1.43
23.64024931,-14.21149096,A,1.17,25.08
81.25046592,14.98586303,K,3.58,0.44
93.93382297,20.01529886,K,-3.54,248.71
17.29632917,-16.94799094,K,-0.6808563273073253,0.22362696511302643
352.42196385,-24.9095281,F,1.7449286314021815,2.6843617841590257
24.97023273,-13.62161132,G,1.5541858141858127,1.4605227901814972
80.69565186,14.73322508,A,1.5,23.47
79.84997575,14.35691103,A,-0.41,84.71
54.53989769,1.58667933,K,-4.57,462.35
52.03176906,0.22736327,B,-0.1975961538461539,24693.029699168907
54.86689299,1.75461905,A,-0.45,125.7
37.25910267,-7.6429327,F,1.7449286314021815,2.6843617841590257
47.47066444,-2.24708227,F,1.84,5.89
72.61323523,10.96037044,A,1.84,16.86
29.57032572,-11.48952576,F,1.92,5.6
61.10929291,5.08247277,F,2.03,3.79
64.67552757,6.95206965,G,2.14,4.33
45.76837213,-3.17375061,B,-0.1975961538461539,24693.029699168907
340.24352713,-27.14631425,M,-1.2799270072992703,0.021972455607761267
59.49647859,4.21688807,A,0.9189775051124738,13.275911018388857
60.2205036,4.59642596,A,0.9189775051124738,13.275911018388857
334.19463349,-27.84376523,G,1.5541858141858127,1.4605227901814972
29.98848245,-11.31326171,B,-0.1975961538461539,24693.029699168907
51.13740459,-0.29828327,F,1.7449286314021815,2.6843617841590257
65.59092138,7.40390315,F,1.7449286314021815,2.6843617841590257
67.28084849,8.27008275,A,0.9189775051124738,13.275911018388857
57.04413781,2.87977159,G,1.5541858141858127,1.4605227901814972
351.55258931,-25.14580568,M,-1.2799270072992703,0.021972455607761267
12.3881669,-18.93104354,A,0.9189775051124738,13.275911018388857
72.47148524,10.84857136,A,0.75,52.6
13.11244778,-18.6674029,G,1.91,4.52
323.85430272,-28.40771229,F,0.79,15.93
56.12065676,2.36837619,B,-0.1975961538461539,24693.029699168907
21.57869996,-15.21898137,A,0.88,19.87
81.91936387,15.21236728,F,1.76,5.36
55.69565938,2.12293393,B,-0.1975961538461539,24693.029699168907
4.60017781,-21.65599101,G,1.5541858141858127,1.4605227901814972
77.88885174,13.39068327,G,1.5541858141858127,1.4605227901814972
359.58143917,-23.17145235,F,1.7449286314021815,2.6843617841590257
68.80979022,8.99562947,A,0.9189775051124738,13.275911018388857
53.19027566,0.74087676,A,0.9189775051124738,13.275911018388857
27.69334248,-12.48994578,F,1.86,4.31
9.01542608,-20.20912181,B,1.46,27.74
47.70474966,-2.23609793,A,0.9189775051124738,13.275911018388857
68.16052967,8.65183702,A,0.9189775051124738,13.275911018388857
36.18966325,-8.31642058,G,2.0,2.94
14.6342879,-18.13661355,A,0.9189775051124738,13.275911018388857
55.6653281,2.06022495,B,-0.1975961538461539,24693.029699168907
104.98015158,23.4244749,F,1.05,14.31
323.5065543,-28.43220499,A,2.78,3.15
51.6490483,-0.11819014,A,0.9189775051124738,13.275911018388857
67.88447112,8.48690231,K,-0.6808563273073253,0.22362696511302643
70.3302504,9.71606561,K,-0.6808563273073253,0.22362696511302643
78.48006893,13.62067932,G,3.16,0.96
84.45852849,16.24883334,F,1.91,8.02
54.20129428,1.23104576,F,1.7449286314021815,2.6843617841590257
51.58179338,-0.19782962,A,0.9189775051124738,13.275911018388857
340.72794934,-27.16590222,M,-1.2799270072992703,0.021972455607761267
355.82059933,-24.23669732,F,1.7449286314021815,2.6843617841590257
82.61377251,15.43902972,F,2.02,5.5
75.53540562,12.2202975,G,3.14,1.09
2.59646876,-22.36845762,M,-1.2799270072992703,0.021972455607761267
323.04954208,-28.45643206,G,3.63,0.7
346.28359733,-26.29626832,G,1.5541858141858127,1.4605227901814972
349.49537454,-25.686142,K,-0.6808563273073253,0.22362696511302643
326.3154343,-28.39687552,G,3.88,0.47
15.34559303,-17.94320969,G,-0.96,30.02
55.32096935,1.77690195,B,-0.1975961538461539,24693.029699168907
355.60889466,-24.31386632,F,1.7449286314021815,2.6843617841590257
357.57926337,-23.81281938,G,1.5541858141858127,1.4605227901814972
49.45025086,-1.41246067,F,1.7449286314021815,2.6843617841590257
63.94805686,6.37590493,B,-0.1975961538461539,24693.029699168907
35.24048999,-8.91654673,B,-0.1975961538461539,24693.029699168907
74.60205149,11.73962353,B,-0.88,179.53
70.88947845,9.92246703,F,1.7449286314021815,2.6843617841590257
12.56715997,-19.03538957,G,2.9,1.65
84.02331169,16.00948266,A,0.52,59.7
53.2446772,0.6268419,B,-0.1975961538461539,24693.029699168907
46.90345568,-2.80756251,A,0.9189775051124738,13.275911018388857
45.92789158,-3.34993554,A,0.9189775051124738,13.275911018388857
58.4340252,3.41004133,F,1.7449286314021815,2.6843617841590257
81.1339286,14.73390565,A,1.33,12.7
7.41835199,-20.89688236,G,3.07,1.44
65.9411797,7.3723886,B,-0.1975961538461539,24693.029699168907
49.73045717,-1.31227955,B,-0.5,233.86
58.76508383,3.57613258,M,-1.2799270072992703,0.021972455607761267
69.96577304,9.42428504,K,-0.6808563273073253,0.22362696511302643
357.75639982,-23.80562109,F,1.7449286314021815,2.6843617841590257
18.25170214,-16.84029308,A,0.9189775051124738,13.275911018388857
316.17514753,-28.35397526,F,3.02,1.76
21.97416681,-15.26068665,F,1.57,6.63
345.04820481,-26.56094353,A,1.97,7.93
70.71338237,9.79096032,B,-0.1975961538461539,24693.029699168907
66.28125658,7.52497401,K,-0.6808563273073253,0.22362696511302643
336.93289353,-27.69393798,A,0.9189775051124738,13.275911018388857
352.35141705,-25.14064191,M,-1.2799270072992703,0.021972455607761267
20.18352886,-16.05391634,F,2.28,3.77
29.50345349,-11.83096398,K,-0.6808563273073253,0.22362696511302643
69.44411567,9.13745164,B,-0.1975961538461539,24693.029699168907
41.29297841,-5.86923278,F,-0.81,67.16
74.09849829,11.43867119,B,-0.1975961538461539,24693.029699168907
48.16755974,-2.19629985,K,-0.6808563273073253,0.22362696511302643
42.61055895,-5.178671,B,-0.1975961538461539,24693.029699168907
358.47986302,-23.6421481,G,1.55,6.21
61.04827113,4.75413635,A,0.9189775051124738,13.275911018388857
359.83214841,-23.27476721,G,1.5541858141858127,1.4605227901814972
79.53872711,13.97875842,K,-1.72,63.82
96.70829258,20.81735652,F,1.7449286314021815,2.6843617841590257
40.46744918,-6.33580123,A,0.9189775051124738,13.275911018388857
343.15171715,-26.89919714,K,-0.6808563273073253,282.19
82.54743297,15.30839686,F,0.29,18.77
80.14132147,14.23958915,B,-0.1975961538461539,24693.029699168907
104.0739244,23.10750082,K,-1.3,42.37
50.05978967,-1.21304637,F,1.7449286314021815,2.6843617841590257
9.33409115,-20.31086733,A,0.9189775051124738,13.275911018388857
45.08511695,-3.90124409,G,2.55,2.25
39.05693797,-7.09158725,K,-3.65,216.06
32.76745035,-10.29263866,K,-0.6808563273073253,0.22362696511302643
66.63073243,7.65098106,F,0.27,34.2
55.01199963,1.46214116,B,-0.1975961538461539,24693.029699168907
355.8962259,-24.34819655,K,-0.6808563273073253,0.22362696511302643
58.6254367,3.40591248,A,0.9189775051124738,13.275911018388857
75.14901704,11.88997564,G,0.97,8.14
56.3501137,2.15648755,B,-0.1975961538461539,24693.029699168907
342.32107034,-27.05770026,K,-0.6808563273073253,0.22362696511302643
35.93133584,-8.75268618,B,-0.1975961538461539,24693.029699168907
28.57566709,-12.37657054,K,-0.61,18.2
15.8734596,-17.92010183,G,1.5541858141858127,1.4605227901814972
41.90201915,-5.65144217,B,-0.1975961538461539,24693.029699168907
19.2755661,-16.53667941,K,-0.6808563273073253,0.22362696511302643
322.77196544,-28.51960154,K,-0.6808563273073253,0.22362696511302643
20.21728724,-16.14840739,K,-0.6808563273073253,0.22362696511302643
357.72724715,-23.91584508,K,-0.6808563273073253,0.22362696511302643
36.76350433,-8.34183027,F,2.52,3.03
47.59419417,-2.61756433,M,-1.2799270072992703,0.021972455607761267
52.92501573,0.27428899,K,1.44,10.67
325.94256328,-28.47833318,F,1.46,7.42
86.4185086,16.89447548,G,-2.68,177.11
322.00737502,-28.52851914,A,1.97,7.93
53.87677509,0.76538068,F,1.13,10.59
26.07625235,-13.58642088,G,3.01,1.23
28.49045108,-12.46216329,A,0.9189775051124738,13.275911018388857
79.09704624,13.69103465,G,-1.35,53.87
28.48998499,-12.46536638,F,1.7449286314021815,2.6843617841590257
49.56021257,-1.58781834,K,4.01,0.45
63.16975215,5.75704169,K,-1.83,76.42
61.81555911,5.03606568,A,0.9189775051124738,13.275911018388857
48.27441392,-2.29240202,K,-0.6808563273073253,0.22
3.66504028,-22.27789975,G,2.38,2.19
39.78742823,-6.84673598,B,-1.55,393.38
354.51322545,-24.77060581,F,1.7449286314021815,2.6843617841590257
9.48677332,-20.37562594,K,-0.6808563273073253,0.22362696511302643
0.32145571,-23.26652192,G,1.5541858141858127,1.4605227901814972
85.65592894,16.54409699,A,0.83,33.31
79.8075149,13.98532435,A,0.9189775051124738,13.275911018388857
60.67875828,4.38922711,G,1.95,4.09
44.60948637,-4.30988185,G,2.72,2.04
354.95926441,-24.67612142,A,0.9189775051124738,13.275911018388857
350.22249134,-25.73087402,K,-0.6808563273073253,0.22362696511302643
1.75931605,-22.86688825,A,0.9189775051124738,13.275911018388857
59.25107775,3.61309132,K,-0.6808563273073253,0.22362696511302643
351.74197025,-25.41370908,G,-0.77,27.5
20.85848099,-15.97138517,K,-0.6808563273073253,0.22362696511302643
7.48562625,-21.08049206,K,-0.6808563273073253,0.22362696511302643
45.73838675,-3.71929396,M,-1.2799270072992703,0.021972455607761267
37.54546182,-8.04622472,K,-0.6808563273073253,0.22362696511302643
358.310692,-23.83711434,G,1.5541858141858127,1.4605227901814972
319.63598557,-28.51911247,F,0.17,32.65
83.50228318,15.60310191,A,0.9189775051124738,13.275911018388857
3.67888489,-22.31537622,G,1.5541858141858127,1.4605227901814972
76.94271306,12.62221707,A,0.63,26.98
23.35094032,-14.92058623,B,-1.05,298.92
53.34668736,0.37084217,K,3.99,0.37
45.07803398,-4.11157442,F,0.32,25.14
24.23760915,-14.53108618,G,1.5541858141858127,1.4605227901814972
70.12672334,9.26874217,A,0.9189775051124738,13.275911018388857
69.75848694,9.08046738,B,-0.1975961538461539,24693.029699168907
73.76317542,11.07638077,A,1.49,12.96
91.27655321,18.754931,K,-2.23,96.16
27.79026588,-12.90860494,K,-2.68,113.08
72.61886123,10.51283646,G,-3.57,389.37
336.4840574,-27.86576672,G,1.5541858141858127,1.4605227901814972
89.81024289,18.18505758,K,-0.6808563273073253,0.22362696511302643
40.50593463,-6.56217808,A,0.74,40.94
56.62299753,2.13025338,G,1.5541858141858127,1.4605227901814972
67.81615067,8.07334859,G,2.76,1.95
65.55144581,6.89583097,F,1.4,7.8
58.98909068,3.40224678,M,-4.09,342.7
47.00622731,-3.12197832,G,2.72,1.94
323.70769934,-28.57019382,F,1.29,8.69
2.80372774,-22.63275492,A,1.31,16.74
57.14398896,2.38460508,A,0.9189775051124738,13.275911018388857
99.12091657,21.51225715,G,-1.55,64.23
330.41715554,-28.36224121,G,1.5541858141858127,1.4605227901814972
22.04216872,-15.56240681,M,-1.2799270072992703,0.021972455607761267
99.69286262,21.68832713,A,0.9189775051124738,13.275911018388857
308.82688247,-27.86409628,G,1.34,6.19
9.94657584,-20.33803139,A,0.9189775051124738,13.275911018388857
2.92787776,-22.62194965,G,1.5541858141858127,1.4605227901814972
56.33691009,1.90845766,B,-0.1975961538461539,24693.029699168907
59.10675926,3.40263303,K,-2.29,143.37
44.39203542,-4.57864817,M,-1.2799270072992703,0.021972455607761267
50.73613608,-1.15045194,A,0.9189775051124738,13.275911018388857
119.2165763,26.53014337,G,1.5541858141858127,1.4605227901814972
357.76992595,-24.08110696,G,3.61,0.79
48.30282305,-2.48172874,A,0.9189775051124738,13.275911018388857
48.64432442,-2.29805102,B,-0.1975961538461539,24693.029699168907
72.64711141,10.44726294,A,0.9189775051124738,13.275911018388857
38.99205795,-7.45062176,F,1.59,15.64
50.14836029,-1.49048966,F,2.11,4.63
348.08061992,-26.25491495,K,3.73,0.56
61.91327865,4.87146569,F,1.26,12.12
62.88604946,5.38903507,F,2.29,3.38
43.80670404,-4.94258372,K,-0.6808563273073253,0.22362696511302643
337.29770784,-27.84635581,G,1.5541858141858127,1.4605227901814972
325.16779423,-28.58534628,F,2.64,2.71
344.54869838,-26.88778281,F,1.7449286314021815,2.6843617841590257
79.14312505,13.53022536,G,2.64,1.92
19.00136524,-16.94718659,M,-1.2799270072992703,0.021972455607761267
6.20608029,-21.67050706,A,0.9189775051124738,13.275911018388857
63.50651542,5.68617566,G,1.5541858141858127,1.4605227901814972
60.85634837,4.26998302,B,-0.1975961538461539,24693.029699168907
13.44875268,-19.1512568,K,-0.6808563273073253,0.22362696511302643
64.24998442,6.07676912,K,-1.96,71.77
351.36978947,-25.63863961,G,1.5541858141858127,1.4605227901814972
359.23017362,-23.74906431,K,-0.6808563273073253,0.22362696511302643
37.5001315,-8.30273415,K,-3.27,208.4
68.51155285,8.28864545,A,0.59,36.08
36.0399888,-9.05497613,K,-1.22,28.89
327.17172311,-28.55239984,K,-0.6808563273073253,0.22362696511302643
64.13285926,5.9951,F,1.7449286314021815,2.6843617841590257
33.33505433,-10.42201337,F,1.7449286314021815,2.6843617841590257
55.20262557,1.17941964,B,-1.13,517.96
333.71441953,-28.19895371,K,-0.6808563273073253,0.22362696511302643
30.90700633,-11.61818683,F,1.7449286314021815,2.6843617841590257
65.20253924,6.55510307,G,2.55,2.03
50.21462721,-1.54625503,K,-1.58,63.48
355.0341062,-24.84039694,A,1.13,17.86
34.7635287,-9.72404737,K,-0.6808563273073253,0.22362696511302643
350.58992984,-25.82623381,K,-0.6808563273073253,0.22362696511302643
50.73868881,-1.27653772,K,-0.6808563273073253,0.22362696511302643
6.41835887,-21.64981664,F,2.27,3.69
349.08770882,-26.12813003,F,1.7449286314021815,2.6843617841590257
37.7696497,-8.2030606,K,4.33,0.19
92.20440006,18.99709451,K,-0.54,20.23
56.14343129,1.65354413,B,-0.1975961538461539,24693.029699168907
110.18593392,24.61577114,F,1.7449286314021815,2.6843617841590257
69.39660277,8.70051159,F,1.02,13.41
40.06527966,-7.02718529,B,-0.1975961538461539,24693.029699168907
94.07735113,19.68927405,A,0.9189775051124738,13.275911018388857
40.07406448,-7.02728835,A,0.9189775051124738,13.275911018388857
7.18894994,-21.41807085,G,2.27,2.69
65.01080565,6.41197119,B,1.11,45.65
331.34292379,-28.38479637,G,1.5541858141858127,1.4605227901814972
335.08868794,-28.10736666,F,1.7449286314021815,2.6843617841590257
23.21075039,-15.24108897,A,0.47,36.29
77.79928367,12.82438589,F,2.34,3.39
52.86517003,-0.16287416,F,2.1,3.88
48.31485084,-2.64284344,A,0.9189775051124738,13.275911018388857
347.79855988,-26.39945716,M,-1.2799270072992703,0.021972455607761267
25.76159519,-14.11544205,F,1.68,6.31
345.08366685,-26.87058541,G,1.5541858141858127,1.4605227901814972
8.17483713,-21.12623413,G,3.09,1.51
352.89228771,-25.38302316,G,1.5541858141858127,1.4605227901814972
60.28198683,3.85036115,F,1.7449286314021815,2.6843617841590257
89.57892195,17.94502993,G,3.02,1.54
83.61158462,15.44868522,A,0.75,36.33
59.5939873,3.46914027,B,-0.1975961538461539,24693.029699168907
17.51817256,-17.683654,K,-0.6808563273073253,0.22362696511302643
38.24914884,-8.03894296,A,0.9189775051124738,13.275911018388857
328.59159033,-28.54347816,G,-0.61,26.78
1.14529958,-23.32875625,G,1.5541858141858127,1.4605227901814972
72.4149708,10.16162114,F,1.7449286314021815,2.6843617841590257
328.58503515,-28.54851159,F,1.7449286314021815,2.6843617841590257
348.69270501,-26.26600327,F,2.38,2.84
27.28538185,-13.46387814,K,-0.6808563273073253,0.22362696511302643
2.56922816,-22.92530547,K,-0.6808563273073253,0.22362696511302643
1.80118881,-23.15245391,G,3.99,0.5
12.00272509,-19.83299073,K,-0.6808563273073253,45.77
341.96811675,-27.37421882,K,-1.02,38.02
57.39368026,2.23229224,M,-1.2799270072992703,0.021972455607761267
48.99499119,-2.35782272,F,1.7449286314021815,2.6843617841590257
81.53826947,14.48906806,A,0.9189775051124738,13.275911018388857
43.29970421,-5.43608216,K,-0.98,23.53
347.67999855,-26.47192945,F,2.3,3.76
84.42942631,15.76782104,F,0.46,22.82
62.7019678,5.08818485,K,-2.53,97.2
65.78174758,6.72118271,A,1.29,25.05
103.9136427,22.89328112,K,0.25,11.36
77.06888028,12.40792477,F,1.81,5.1
339.18156305,-27.74013199,K,-0.6808563273073253,0.22362696511302643
85.75864183,16.33064748,F,1.92,5.22
79.15579821,13.38504335,A,-0.82,229.36
58.22543493,2.64928545,K,-0.6808563273073253,0.22362696511302643
343.99554926,-27.10130835,B,1.62,25.56
11.65684657,-19.9957757,K,-0.6808563273073253,0.22362696511302643
25.86668039,-14.17643328,K,-0.6808563273073253,0.22362696511302643
22.6770397,-15.59988641,B,1.65,12.61
60.3107881,3.77411021,A,0.9189775051124738,13.275911018388857
36.9705854,-8.79381218,A,1.57,12.35
11.43851477,-20.08634047,G,1.5541858141858127,1.4605227901814972
77.81211709,12.73421419,K,-0.6808563273073253,0.22362696511302643
347.1413088,-26.59468307,K,-0.6808563273073253,0.22362696511302643
56.51259927,1.69561339,K,4.65,0.14
349.0038627,-26.2620845,G,3.86,0.52
23.31858208,-15.34686222,F,1.7449286314021815,2.6843617841590257
20.53313401,-16.54779764,F,1.69,7.93
88.90457554,17.60874181,B,-0.1975961538461539,24693.029699168907
16.94011093,-18.02453334,G,2.87,1.57
353.91593006,-25.24265486,F,1.7449286314021815,2.6843617841590257
350.01844001,-26.07004026,F,1.7449286314021815,2.6843617841590257
39.97884946,-7.26280191,K,-0.6808563273073253,0.22362696511302643
87.15587691,16.88249441,K,-0.6808563273073253,21.47
8.12400471,-21.2641482,G,1.5541858141858127,1.4605227901814972
88.33013826,17.36639566,A,-0.27,94.0
78.43431358,13.00287915,M,-6.21,144.33
342.53706138,-27.34565097,M,5.2,0.07
64.27917277,5.85195323,G,1.5541858141858127,1.4605227901814972
6.90856426,-21.67377502,F,2.23,4.61
53.92258031,0.23754499,K,-0.6808563273073253,0.22362696511302643
80.76843527,14.07266236,K,-0.6808563273073253,0.22362696511302643
67.18193772,7.37216422,K,-1.89,89.32
34.52736122,-10.09253139,F,0.96,8.3
31.4820543,-11.60429121,K,-0.6808563273073253,0.22362696511302643
88.85275179,17.56348645,K,-0.6808563273073253,0.22362696511302643
18.06317389,-17.61657693,A,0.9189775051124738,13.275911018388857
72.18319619,9.92965681,K,-0.6808563273073253,0.22362696511302643
54.36230403,0.45049539,B,-0.1975961538461539,24693.029699168907
52.18704173,-0.74444738,A,-0.25,76.43
102.56409278,22.45063106,K,-1.15,45.48
58.39848486,2.64483005,A,0.9189775051124738,13.275911018388857
348.10223619,-26.47457237,G,1.83,2.85
53.05605093,-0.28239848,A,-0.54,85.19
93.43554528,19.33297245,G,2.56,2.22
75.71707281,11.64568889,A,0.9189775051124738,13.275911018388857
55.74544506,1.16522917,G,1.5541858141858127,1.4605227901814972
46.45641649,-3.90660016,B,2.53,2.68
349.70554126,-26.19281665,F,1.85,4.97
48.78641079,-2.64509586,K,0.76,7.47
52.28433207,-0.73439505,F,1.91,6.08
58.54165326,2.68632639,G,1.5541858141858127,1.4605227901814972
40.50457433,-7.09337745,B,-1.14,232.08
309.19929364,-27.9428008,F,2.36,3.37
87.86223825,17.11901643,A,-0.59,142.43
342.35439726,-27.42169644,F,2.49,3.22
57.71782431,2.22478628,A,0.9189775051124738,13.275911018388857
65.65613078,6.49637701,K,-0.6808563273073253,0.22362696511302643
59.59772397,3.23755619,G,1.5541858141858127,1.4605227901814972
14.44083083,-19.11037014,G,1.5541858141858127,1.4605227901814972
34.926031,-9.99660562,K,-5.47,0.22362696511302643
68.44533556,7.94291298,F,2.84,2.09
359.11559899,-24.06111498,F,3.1,1.52
337.7548969,-27.99156955,B,1.71,27.15
9.40583575,-20.938842,G,1.5541858141858127,1.4605227901814972
20.5103902,-16.69787069,K,-1.45,53.39
75.61484707,11.55705764,M,-1.2799270072992703,0.021972455607761267
30.00954579,-12.42151023,B,0.53,39.82
100.32133761,21.71385291,K,-1.69,49.96
325.4756268,-28.71124659,M,-1.2799270072992703,0.021972455607761267
62.10965494,4.57150115,K,-5.22,1403.17
5.24663855,-22.30854631,K,-0.6808563273073253,0.22362696511302643
26.61429822,-14.02499776,A,0.9189775051124738,13.275911018388857
326.70102185,-28.69316008,G,2.55,2.17
62.11828937,4.56732011,B,-0.18,201.95
22.57243525,-15.84131838,B,-0.1975961538461539,24693.029699168907
69.46425973,8.44455811,B,-0.16,119.65
358.28031941,-24.30270276,F,1.5,6.51
95.17506548,19.93274543,F,1.46,7.55
0.7333248,-23.65362001,G,1.5541858141858127,1.4605227901814972
53.58968391,-0.10040422,K,-0.6808563273073253,0.22362696511302643
314.16233716,-28.39247371,F,1.68,6.6
87.35226373,16.86669792,K,-0.6808563273073253,0.22362696511302643
52.72274365,-0.57810895,F,1.77,5.41
40.85265714,-6.99188014,B,-0.1975961538461539,24693.029699168907
31.56347789,-11.72163487,G,3.27,1.12
51.9962236,-0.9897815,F,3.87,0.68
73.33523861,10.38848512,K,-1.57,54.13
17.65580655,-17.92600362,A,-1.17,166.97
29.12690829,-12.89707476,K,-0.6808563273073253,0.22362696511302643
15.08480259,-18.93664658,K,-1.23,38.95
85.86723324,16.22444241,A,0.9189775051124738,13.275911018388857
25.21517582,-14.71861862,G,-1.13,34.3
76.37521975,11.87277559,K,-0.6808563273073253,0.22362696511302643
13.53310083,-19.5331178,A,0.9189775051124738,13.275911018388857
353.70907867,-25.43595804,F,1.7449286314021815,2.6843617841590257
26.98831768,-13.91441431,F,1.96,4.81
24.10693001,-15.2186545,K,-2.99,167.16
321.20989538,-28.71980478,G,3.18,1.56
35.64606424,-9.72735724,K,-0.6808563273073253,0.22362696511302643
97.8171584,20.84450874,K,-0.6808563273073253,0.22362696511302643
102.62007061,22.41488949,K,-3.81,265.73
320.98499764,-28.71672017,B,0.25,98.9
78.66645869,12.95785423,A,1.05,40.67
82.26124243,14.61663037,K,-1.07,45.11
45.04323897,-4.81840937,B,-0.1975961538461539,24693.029699168907
44.95369792,-4.8674572,G,1.5541858141858127,2.51
350.55024186,-26.11712374,G,3.05,1.29
359.52081351,-24.03391739,K,4.21,0.33
94.88649566,19.79431715,A,1.38,35.54
39.28947454,-7.88009811,G,-4.39,618.68
101.12756152,21.93718808,K,-1.04,34.24
80.7577456,13.92071103,B,-0.07,211.06
353.8549569,-25.42747333,F,1.78,6.31
9.59955874,-20.97243467,K,-3.17,118.77
321.19700167,-28.72763598,A,1.99,5.22
103.33435744,22.62459402,K,-0.6808563273073253,0.22362696511302643
339.81203157,-27.82481539,K,-0.6808563273073253,0.22362696511302643
90.25818134,18.01048839,K,3.35,0.68
69.43294074,8.34334739,F,3.93,0.63
56.92520053,1.63923216,G,1.5541858141858127,1.4605227901814972
61.60883371,4.18692356,A,0.9189775051124738,13.275911018388857
327.31563788,-28.71869618,K,-5.97,0.22362696511302643
14.96935694,-19.04739952,F,1.21,9.72
106.53547123,23.5536139,A,0.2,35.59
94.89212648,19.78010739,K,-0.6808563273073253,0.22362696511302643
87.51268949,16.87399067,K,-4.43,499.04
7.34004887,-21.75598425,K,-0.6808563273073253,0.22362696511302643
79.35748461,13.24066436,F,1.48,9.58
35.60849397,-9.82048576,B,-0.1975961538461539,24693.029699168907
22.40333954,-16.04191674,B,-0.1975961538461539,24693.029699168907
67.04855845,7.07113512,A,-0.07,70.47
71.46098979,9.3593768,A,1.68,13.06
79.74896095,13.41873627,A,-0.53,76.05
13.36045629,-19.67365258,K,-1.64,48.24
75.61981997,11.43360807,K,-1.75,67.49
82.38373035,14.62219537,K,-3.23,197.78
95.86278743,20.11687563,K,-0.6808563273073253,0.22362696511302643
60.99406477,3.80678214,K,0.07,18.08
47.43737609,-3.61212758,B,-0.1975961538461539,24693.029699168907
352.08909429,-25.85894875,G,-2.02,99.02
69.94662578,8.55998606,F,2.83,3.53
68.68554551,7.90297043,K,-0.6808563273073253,0.22362696511302643
17.96788387,-17.9296648,K,-0.6808563273073253,0.22362696511302643
24.70455008,-15.07237911,K,-0.81,16.03
21.20534991,-16.59654762,F,1.7449286314021815,2.6843617841590257
47.84584479,-3.40643187,K,-0.6808563273073253,0.22362696511302643
69.95796941,8.55071256,F,1.7449286314021815,2.6843617841590257
329.45902969,-28.67525837,K,-0.6808563273073253,0.22362696511302643
34.00983376,-10.67703582,K,3.57,0.77
87.08045984,16.65391658,K,-1.16,35.54
62.85985869,4.78143625,F,0.84,19.56
67.9615531,7.49554515,A,0.9189775051124738,13.275911018388857
68.17310717,7.60222268,M,-1.2799270072992703,0.021972455607761267
49.21163786,-2.6942663,G,2.84,1.84
53.41874548,-0.3969066,F,0.49,44.02
61.34565091,3.93510126,B,-0.1975961538461539,24693.029699168907
344.4402252,-27.27307792,F,2.45,3.33
355.52745297,-25.14157559,G,1.5541858141858127,1.4605227901814972
53.27165318,-0.49246742,G,3.05,1.13
42.03512736,-6.59268377,B,-0.1975961538461539,24693.029699168907
352.28379452,-25.87008221,F,1.7449286314021815,2.6843617841590257
335.77069828,-28.30721118,F,1.7449286314021815,2.6843617841590257
356.59251777,-24.90371866,G,3.78,0.68
97.52820464,20.66842511,A,0.95,20.33
9.2211534,-21.23976107,G,3.26,1.01
19.5925328,-17.34476617,K,-0.6808563273073253,0.22362696511302643
49.63009918,-2.51446615,K,-0.6808563273073253,0.22362696511302643
54.60556736,0.21667083,K,-0.6808563273073253,0.22362696511302643
42.70822988,-6.25771221,F,1.62,6.66
357.10099401,-24.78731601,G,1.5541858141858127,1.4605227901814972
92.50613754,18.81259989,G,2.22,3.04
43.67695894,-5.74846503,B,-0.1975961538461539,24693.029699168907
71.16362632,9.09809686,A,1.12,36.83
67.97253055,7.43919203,B,-1.99,1914.55
356.24015066,-25.00726101,F,1.09,9.73
41.46268675,-6.95690424,G,1.5541858141858127,1.4605227901814972
45.71712943,-4.68280109,A,0.9189775051124738,13.275911018388857
344.33313641,-27.32770715,K,-0.6808563273073253,0.22362696511302643
50.83495371,-1.90294793,A,0.9,33.13
65.10857862,5.8917179,M,-1.2799270072992703,0.021972455607761267
63.27791617,4.90435282,G,1.5541858141858127,1.4605227901814972
50.2661461,-2.22376557,A,0.9189775051124738,13.275911018388857
80.82848635,13.79961044,F,2.35,3.84
64.20396536,5.39737448,K,-2.33,81.78
20.31732502,-17.10492409,M,-1.2799270072992703,0.021972455607761267
343.44099425,-27.47099983,M,-5.28,202.43
84.94601505,15.65548004,A,0.9189775051124738,13.275911018388857
15.54995308,-19.02023946,K,-0.6808563273073253,0.22362696511302643
46.88896947,-4.08505785,K,-0.6808563273073253,0.22362696511302643
1.79479512,-23.60272308,F,1.7449286314021815,2.6843617841590257
55.08704992,0.40563935,G,3.84,0.53
44.26469859,-5.50762524,K,-2.35,84.38
42.41473536,-6.49723576,G,3.31,0.93
56.07401923,0.94097637,B,-0.58,175.6
82.82898356,14.69837072,M,-1.2799270072992703,0.021972455607761267
82.31668551,14.46443863,F,2.94,1.43
52.17495934,-1.21494149,F,2.33,3.06
42.50817266,-6.46313829,G,1.5541858141858127,1.4605227901814972
319.84662211,-28.75636085,F,2.39,3.79
60.1747887,3.17404597,F,1.01,12.38
13.69798877,-19.74737781,G,1.5541858141858127,1.4605227901814972
62.52563224,4.45083607,A,1.5,21.28
349.10730661,-26.57224844,G,0.95,7.12
27.30735489,-14.07742935,K,4.1,0.34
18.65420434,-17.8315106,K,-0.6808563273073253,0.22362696511302643
64.95379045,5.74906259,F,1.7449286314021815,2.6843617841590257
6.08408199,-22.36214234,G,1.5541858141858127,1.4605227901814972
8.41913136,-21.6170353,K,2.68,1.85
336.5971702,-28.29718612,A,0.9189775051124738,13.275911018388857
356.42190187,-25.040537,A,0.9189775051124738,13.275911018388857
45.91863817,-4.67240478,B,-0.1975961538461539,24693.029699168907
43.5755643,-5.9362613,F,1.7449286314021815,2.6843617841590257
10.81515755,-20.81552359,K,-0.6808563273073253,0.22362696511302643
353.99248985,-25.60601779,F,2.06,4.01
17.58638396,-18.29766183,A,1.21,16.79
36.33368266,-9.73447863,B,-0.1975961538461539,24693.029699168907
68.69319364,7.69007756,A,1.12,19.0
356.50036944,-25.04535475,F,1.7449286314021815,2.6843617841590257
101.30710039,21.87972177,G,4.1,0.45
15.31160482,-19.2032069,F,1.7449286314021815,2.6843617841590257
353.11212378,-25.8210981,G,1.5541858141858127,1.4605227901814972
6.38588974,-22.31618722,G,3.43,0.96
74.0299751,10.41859869,A,0.9189775051124738,13.275911018388857
23.90920494,-15.6832578,G,3.4,0.99
72.38131506,9.58153832,F,1.7449286314021815,2.6843617841590257
16.40763337,-18.79766979,F,0.29,24.68
23.13625951,-16.03288672,A,0.88,20.21
58.1495144,1.97405182,F,1.55,6.96
8.31875661,-21.71636568,M,-5.74,303.64
88.214916,16.97633788,F,1.7449286314021815,2.6843617841590257
3.621431,-23.18523677,K,4.35,0.19
61.82576756,3.9673435,G,1.5541858141858127,1.4605227901814972
60.92094379,3.46840536,B,2.53,2.62
33.24857349,-11.36136072,A,0.9189775051124738,13.275911018388857
65.29092962,5.82479129,K,-0.6808563273073253,0.22362696511302643
315.05243492,-28.535465,G,2.18,2.86
0.81186834,-24.00226021,G,2.86,1.75
48.35181898,-3.46402691,F,0.82,14.87
38.18643619,-8.88764135,M,5.05,0.07
57.26528208,1.43215783,G,1.5541858141858127,1.4605227901814972
46.88843811,-4.27376356,K,-0.6808563273073253,0.22362696511302643
11.20919704,-20.78071812,G,3.32,0.97
77.4633668,12.05826373,B,1.19,20.7
39.5759275,-8.18734249,K,-0.6808563273073253,0.22362696511302643
37.06277022,-9.4887756,B,-0.1975961538461539,24693.029699168907
312.40668236,-28.32628091,F,1.36,8.78
78.78053983,12.68188268,K,-1.48,53.66
13.06648551,-20.1376849,B,-0.1975961538461539,24693.029699168907
70.7781088,8.66943645,K,-0.6808563273073253,0.22362696511302643
321.53898935,-28.85445891,K,-0.6808563273073253,0.22362696511302643
49.87547851,-2.68514372,B,-0.1975961538461539,24693.029699168907
23.582895,-15.94249147,A,0.9189775051124738,13.275911018388857
43.06470039,-6.38270006,K,-0.6808563273073253,0.22362696511302643
108.54688914,24.00181729,K,-0.6808563273073253,0.22362696511302643
107.1560013,23.6156445,A,0.55,33.87
351.60660179,-26.22418966,K,-0.74,18.84
13.21155262,-20.11600816,F,1.52,8.44
339.59283915,-28.08730173,K,-0.6808563273073253,0.22362696511302643
344.55598811,-27.45162626,K,-0.27,54.9
44.29712122,-5.74143793,G,3.29,0.96
65.23131684,5.70974709,F,0.15,27.12
359.15792898,-24.50040536,F,3.43,1.1
72.74776945,9.65246311,B,1.02,60.03
83.08071208,14.65515109,F,2.2,4.17
30.43565024,-12.83864984,K,-0.6808563273073253,0.22362696511302643
337.89936045,-28.27189803,F,2.46,2.99
107.44740008,23.69111558,K,-1.9,72.97
43.1277472,-6.39188598,K,-0.6808563273073253,0.22362696511302643
8.64678796,-21.72631162,F,1.9,4.87
91.88629669,18.40168201,K,-1.69,68.94
56.24905086,0.77555736,A,0.9189775051124738,13.275911018388857
8.87731879,-21.66382368,K,-0.6808563273073253,0.22362696511302643
4.74874488,-22.97250854,G,1.5541858141858127,1.4605227901814972
39.76864776,-8.19593236,B,-0.1975961538461539,24693.029699168907
337.32702637,-28.3436676,F,1.7449286314021815,2.6843617841590257
46.58449478,-4.56181731,A,0.9189775051124738,13.275911018388857
42.21845445,-6.91604728,M,-1.2799270072992703,0.021972455607761267
343.06209759,-27.69881265,G,3.52,0.9
78.56310549,12.49884127,A,1.61,15.71
66.72286159,6.45257814,A,0.9189775051124738,13.275911018388857
91.14794293,18.08669344,A,0.15,87.93
91.8887762,18.38088082,K,-0.6808563273073253,909.59
61.86363201,3.81700142,F,1.46,6.97
44.65744671,-5.63196647,B,1.14,22.08
36.98685163,-9.66806645,B,-0.1975961538461539,24693.029699168907
323.13196243,-28.91703442,F,2.18,5.09
23.92586169,-15.90575414,F,2.11,4.08
351.27881481,-26.35726666,F,1.7449286314021815,2.6843617841590257
55.76427513,0.43524562,A,1.07,22.24
7.60554982,-22.13555734,G,1.5541858141858127,1.4605227901814972
62.19055856,3.96257333,A,0.9189775051124738,13.275911018388857
67.78945072,6.98085533,A,0.9189775051124738,13.275911018388857
351.27506385,-26.36863141,G,1.5541858141858127,1.4605227901814972
22.41307866,-16.58300726,M,-1.2799270072992703,0.021972455607761267
66.46109955,6.26690358,A,0.9189775051124738,13.275911018388857
353.26095156,-25.96903861,A,0.11,89.16
74.29037528,10.34373543,K,-0.6808563273073253,0.22362696511302643
93.74759409,19.08152556,G,0.91,11.71
1.40951851,-23.99934381,F,1.7449286314021815,2.6843617841590257
64.44175738,5.16635722,G,2.84,1.89
57.02918292,1.09644688,G,3.6,0.74
58.48118505,1.89505497,G,2.97,1.4
67.02596413,6.54122007,G,2.56,2.23
319.5802111,-28.83582577,F,3.16,1.42
45.09252709,-5.47299528,K,-0.6808563273073253,0.22362696511302643
110.02808774,24.36310723,G,1.5541858141858127,1.4605227901814972
69.53771606,7.86298799,A,1.14,13.74
350.38982717,-26.57092006,F,1.7449286314021815,2.6843617841590257
54.29848355,-0.44449076,G,3.25,1.14
58.52560075,1.88208105,G,3.61,0.6
37.5252278,-9.49782476,A,0.9189775051124738,13.275911018388857
69.56905569,7.85584715,K,-0.6808563273073253,0.22362696511302643
71.99901456,9.12069367,A,0.73,31.55
41.14815483,-7.61993002,B,-0.1975961538461539,24693.029699168907
34.50777134,-11.03463597,F,2.59,2.03
81.5796865,13.82882374,M,-7.28,1793.36
5.00136167,-23.03350786,A,0.9,32.1
84.24935986,15.0533549,G,-1.49,64.35
72.87731704,9.54804376,A,1.52,12.41
33.50491522,-11.56136949,K,-1.39,35.24
115.66458693,25.71947115,K,-0.6808563273073253,0.22362696511302643
42.68141622,-6.84989722,M,-6.68,265.19
44.85383604,-5.68762378,B,-0.1975961538461539,24693.029699168907
94.31522151,19.24884593,K,-1.49,60.63
76.31036277,11.26828377,A,0.1,52.13
53.12154073,-1.16295124,K,-0.6808563273073253,0.22362696511302643
333.4536743,-28.72387027,A,0.66,31.9
74.46608394,10.33447847,B,-0.1975961538461539,24693.029699168907
341.22405376,-28.03089606,K,-0.6808563273073253,0.22362696511302643
23.21220937,-16.37142132,K,-0.6808563273073253,0.22362696511302643
2.4824465,-23.80409702,G,3.74,0.66
88.36562048,16.8270645,K,-1.66,64.01
92.03791904,18.33509202,A,0.9189775051124738,13.275911018388857
92.04330628,18.33583096,A,0.9189775051124738,13.275911018388857
22.79698513,-16.5822301,K,-0.6808563273073253,0.22362696511302643
46.00142795,-5.12780071,K,-0.6808563273073253,0.22362696511302643
51.43488741,-2.15123758,F,2.64,2.58
60.79258839,3.01933129,K,0.0,46.39
347.28750121,-27.2029677,A,2.32,8.88
97.20873788,20.29884784,A,1.24,23.87
359.17300988,-24.718732,K,-0.6808563273073253,0.22362696511302643
49.03903511,-3.48213113,G,3.75,0.59
60.57026327,2.89043117,K,-2.95,155.14
327.884097,-28.97345481,F,1.7449286314021815,2.6843617841590257
59.50689243,2.29449088,A,0.9189775051124738,13.275911018388857
59.26393054,2.15959262,B,-0.1975961538461539,24693.029699168907
44.41451525,-6.01197655,K,-0.89,26.25
338.79832238,-28.33217324,F,1.7449286314021815,2.6843617841590257
341.32821361,-28.05625744,K,-0.6808563273073253,0.22362696511302643
355.24758977,-25.67428946,G,1.5541858141858127,1.4605227901814972
17.18845922,-18.92165841,M,-1.2799270072992703,0.021972455607761267
358.91588294,-24.8060227,A,0.04,62.6
6.85323618,-22.56392704,F,2.39,2.62
21.81905158,-17.0480177,K,-0.6808563273073253,0.22362696511302643
349.57887764,-26.82947257,A,0.9189775051124738,13.275911018388857
19.65391177,-17.94749815,K,-0.6808563273073253,0.22362696511302643
342.53132342,-27.91693859,G,4.03,0.53
16.29873941,-19.27572027,K,4.35,0.25
44.78551089,-5.83980998,B,-0.1975961538461539,24693.029699168907
62.87791689,4.11796127,B,-0.1975961538461539,24693.029699168907
347.50136139,-27.20071112,K,-0.6808563273073253,0.22362696511302643
84.0073139,14.85500464,K,-0.6808563273073253,0.22362696511302643
60.19435479,2.63251968,M,-1.2799270072992703,0.021972455607761267
86.47047448,15.95490475,K,-0.6808563273073253,0.22362696511302643
54.97480912,-0.25939278,K,-0.37,16.88
22.78656587,-16.66364286,F,-0.64,31.21
16.00687636,-19.41846329,A,0.9189775051124738,13.275911018388857
1.56192485,-24.1427948,G,2.23,3.01
101.97107185,21.91956987,A,0.9189775051124738,13.275911018388857
74.91233206,10.46057627,B,0.95,41.1
340.97532821,-28.12622185,A,0.9189775051124738,13.275911018388857
52.25171025,-1.78710202,B,-0.1975961538461539,24693.029699168907
74.46364952,10.22952698,B,0.98,53.3
38.18514225,-9.36714488,F,1.42,7.54
83.46292393,14.58846602,F,2.49,2.96
2.9126643,-23.77701401,G,2.98,1.69
14.7259724,-19.9143597,A,0.9189775051124738,13.275911018388857
57.01908677,0.84438258,B,-0.1975961538461539,24693.029699168907
63.10143479,4.18896923,G,1.5541858141858127,1.4605227901814972
12.22133473,-20.83780553,K,-0.6808563273073253,0.22362696511302643
103.34633892,22.35375476,F,1.48,7.34
26.01295182,-15.295165,G,2.77,1.85
47.39712617,-4.49580228,A,0.9189775051124738,13.275911018388857
345.61885716,-27.53554408,K,-0.6808563273073253,0.22362696511302643
53.77234332,-0.98952552,A,0.9189775051124738,13.275911018388857
31.72309438,-12.64879381,K,-0.6808563273073253,0.22362696511302643
39.21833289,-8.88370684,A,0.9189775051124738,13.275911018388857
61.14451843,3.08256192,B,-0.1975961538461539,24693.029699168907
334.22949433,-28.76238539,K,-0.6808563273073253,0.22362696511302643
12.22566449,-20.86985734,G,3.4,0.93
15.50680338,-19.67608112,K,-0.6808563273073253,0.22362696511302643
55.35149244,-0.14162253,B,-0.99,430.84
324.94714322,-29.04089236,A,1.37,13.85
80.33010462,13.0693914,F,1.7449286314021815,2.6843617841590257
51.58779435,-2.23608625,K,-0.6808563273073253,0.22362696511302643
72.51340391,9.16491922,F,1.7449286314021815,2.6843617841590257
53.91777051,-0.94901871,K,-0.6808563273073253,0.22362696511302643
48.47065445,-3.95944161,A,0.9189775051124738,13.275911018388857
47.63112572,-4.42216579,K,-2.21,113.06
72.549504,9.17625082,F,1.7449286314021815,2.6843617841590257
331.21218777,-28.93364014,F,1.35,9.56
42.00184328,-7.4631908,K,5.12,0.07
80.63627548,13.20511841,A,1.41,12.42
63.36108073,4.26216835,K,-0.6808563273073253,1.67
75.38451728,10.61913169,A,-1.19,201.18
322.33493225,-29.01050897,G,3.15,0.96
348.48971655,-27.11438424,B,-0.1975961538461539,24693.029699168907
21.12595182,-17.48754668,A,0.9189775051124738,13.275911018388857
76.77893392,11.3097566,A,0.34,87.53
10.56928603,-21.48706894,F,1.7449286314021815,2.6843617841590257
52.63285365,-1.69749836,K,-2.17,94.97
79.08300004,12.43899987,G,-2.62,129.08
95.16686215,19.45277737,K,-2.64,128.67
99.50776913,21.03817026,K,-0.6808563273073253,0.22362696511302643
72.30464291,9.02080115,F,1.7449286314021815,2.6843617841590257
106.87093766,23.40294635,F,1.7449286314021815,2.6843617841590257
50.4713918,-2.91085335,F,1.7449286314021815,2.6843617841590257
63.86807284,4.49548591,A,-2.53,182.07
357.76229783,-25.23165891,A,0.39,22.83
55.62980281,-0.06299698,K,-0.6808563273073253,0.22362696511302643
49.52398066,-3.44612985,A,0.9189775051124738,13.275911018388857
89.67687424,17.23776691,F,2.41,3.54
6.71596603,-22.77094692,G,1.5541858141858127,1.4605227901814972
48.07903653,-4.25623189,G,3.22,1.12
43.50060605,-6.74051173,M,-1.2799270072992703,0.021972455607761267
67.69958084,6.55185575,M,-1.2799270072992703,628.42
309.52923918,-28.09228723,F,2.13,3.91
38.50656302,-9.38418009,F,1.7449286314021815,2.6843617841590257
61.91715215,3.39094651,A,2.23,6.12
312.14502351,-28.38444263,K,-1.95,87.37
64.16753968,4.61830585,F,1.7449286314021815,2.6843617841590257
84.69325113,15.03218126,K,-1.27,42.75
58.63760022,1.564582,A,0.9189775051124738,13.275911018388857
41.80541328,-7.67236194,F,0.31,21.42
348.01521637,-27.24941105,B,-0.1975961538461539,24693.029699168907
323.52422905,-29.06364054,K,-0.6808563273073253,0.22362696511302643
82.9470406,14.2199015,F,2.02,3.74
0.63468587,-24.55152145,K,-0.6808563273073253,0.22362696511302643
86.30268432,15.74548473,K,-0.6808563273073253,0.22362696511302643
67.50287006,6.40998038,G,1.5541858141858127,1.4605227901814972
35.97468701,-10.70965218,K,-0.6808563273073253,0.22362696511302643
344.24082612,-27.82799412,F,2.21,5.29
28.30100791,-14.43742506,K,-3.15,241.21
68.0765434,6.70954156,A,1.56,14.3
54.74229202,-0.62728321,K,-4.54,0.22362696511302643
57.49893209,0.90459112,B,-0.1975961538461539,24693.029699168907
83.61903229,14.5190215,G,1.59,3.5
11.98267916,-21.09532594,G,2.81,1.46
14.29833429,-20.27064206,G,2.29,2.38
325.56037642,-29.09159034,G,3.49,0.86
106.2152779,23.18376356,K,-2.92,206.72
357.49224013,-25.35727232,A,0.9189775051124738,13.275911018388857
94.424781,19.11835786,K,-1.43,53.08
69.34856266,7.37836916,K,-0.6808563273073253,0.22362696511302643
45.49095266,-5.71754025,K,4.33,0.11
69.41812668,7.41272751,B,-0.1975961538461539,24693.029699168907
350.25353723,-26.88732759,K,-2.8,191.63
50.80196318,-2.84048076,A,0.9189775051124738,13.275911018388857
84.75602886,15.02285639,A,0.9189775051124738,13.275911018388857
101.66499225,21.73154486,G,3.73,0.69
326.56998057,-29.10052795,G,3.21,1.15
356.6824371,-25.56857828,F,1.7449286314021815,2.6843617841590257
77.6163902,11.6061117,M,-1.2799270072992703,0.021972455607761267
68.5328035,6.89789289,B,-0.4,271.26
43.20599436,-7.03165029,G,1.5541858141858127,1.4605227901814972
101.54488289,21.67714476,M,-6.36,227.96
40.60553682,-8.41538239,F,2.35,3.8
359.17591617,-24.99565012,G,1.5541858141858127,1.4605227901814972
51.81212458,-2.34448314,K,-0.6808563273073253,0.22362696511302643
326.56792902,-29.1174845,A,0.9189775051124738,13.275911018388857
5.58142862,-23.24608984,F,1.7449286314021815,2.6843617841590257
31.2151706,-13.1679047,K,-1.55,55.93
78.19853895,11.86138142,K,-0.6808563273073253,0.22362696511302643
344.70023766,-27.82782878,K,-0.6808563273073253,0.22362696511302643
85.70633756,15.40566376,F,0.78,20.36
56.37608838,0.17358188,B,-0.1975961538461539,24693.029699168907
357.83460308,-25.34541854,G,1.5541858141858127,1.4605227901814972
65.53568459,5.23747885,B,-0.1975961538461539,24693.029699168907
80.03321745,12.74874083,A,0.22,59.76
66.50761289,5.76069998,B,-0.1975961538461539,24693.029699168907
26.76553127,-15.25818015,K,-1.25,42.98
61.87693893,3.22196538,B,1.23,19.19
359.88984402,-24.8439202,F,3.45,1.01
31.35855506,-13.12560815,K,-0.6808563273073253,0.22362696511302643
56.68240023,0.32721344,G,1.5541858141858127,1.4605227901814972
18.61790215,-18.73049818,F,2.84,1.92
73.31647226,9.36586939,A,0.74,17.84
46.30875102,-5.41508775,B,-0.1975961538461539,24693.029699168907
57.85490063,0.97103309,A,1.04,28.48
2.20681322,-24.24543011,G,4.09,0.45
6.26390307,-23.07708353,G,1.5541858141858127,1.4605227901814972
29.55740746,-14.0001527,F,1.98,5.24
53.15035016,-1.66717388,F,0.6,21.72
39.58281486,-9.03782439,G,2.23,1.38
37.81786835,-9.95695343,G,2.84,1.6
58.54098233,1.31923526,F,1.7449286314021815,2.6843617841590257
335.09697794,-28.84947875,F,1.76,6.27
4.82093301,-23.53756975,K,-0.6808563273073253,0.22362696511302643
60.20858939,2.23921633,A,-0.67,99.37
88.00197081,16.38140397,K,-0.6808563273073253,0.22362696511302643
332.98963231,-28.97545017,A,0.9189775051124738,13.275911018388857
60.76937305,2.5475595,B,-0.1975961538461539,24693.029699168907
70.57985882,7.88734226,B,-0.18,176.04
28.55951142,-14.50787622,B,-0.1975961538461539,24693.029699168907
23.66845112,-16.69791778,G,1.5541858141858127,1.4605227901814972
75.44098625,10.41019264,K,-0.6808563273073253,0.22362696511302643
358.51725933,-25.23989849,F,1.7449286314021815,2.6843617841590257
35.82765945,-10.99677,F,1.58,7.0
18.50719857,-18.84279797,F,3.15,1.64
15.11810391,-20.15443057,F,1.71,5.72
88.98460895,16.78666231,G,3.31,1.14
82.64714214,13.92793413,G,-2.14,89.07
59.07270113,1.56882763,B,-0.1975961538461539,24693.029699168907
2.4344804,-24.24991803,A,0.9189775051124738,13.275911018388857
344.83653162,-27.8763712,M,-5.36,182.17
51.18511254,-2.83568456,B,-0.1975961538461539,24693.029699168907
50.32635604,-3.31552615,A,0.9189775051124738,13.275911018388857
38.14723407,-9.86157834,G,2.96,1.34
38.2895897,-9.78981964,A,0.9189775051124738,13.275911018388857
0.75210228,-24.71255026,F,1.7449286314021815,2.6843617841590257
60.56029614,2.37274436,A,-0.27,76.08
14.78623889,-20.30248363,A,0.5,37.54
3.15343191,-24.06716753,F,1.7449286314021815,2.6843617841590257
10.83087166,-21.70388214,A,0.85,35.31
13.61253066,-20.73728572,F,1.7449286314021815,2.6843617841590257
67.77125536,6.31701821,K,-1.49,51.26
59.85370424,1.96297384,F,2.79,1.62
341.71524253,-28.29375629,F,1.7449286314021815,2.6843617841590257
62.04647942,3.17572373,A,2.54,4.41
69.07330726,7.01062185,K,-0.6808563273073253,0.22362696511302643
47.981682,-4.64811508,A,0.9189775051124738,41.86
57.98544509,0.90914663,B,-0.09,146.81
352.42433403,-26.63793607,K,-0.6808563273073253,0.22362696511302643
72.7484629,8.94827219,A,1.18,19.42
48.87717521,-4.17260897,K,-0.6808563273073253,0.22362696511302643
41.77307071,-8.01926093,K,-0.6808563273073253,0.22362696511302643
20.49902469,-18.12830245,K,-0.6808563273073253,0.22362696511302643
43.45216466,-7.12819544,G,1.5541858141858127,113.09
19.37527505,-18.58807026,A,0.9189775051124738,13.275911018388857
312.71007253,-28.48869693,G,3.38,0.85
350.45882,-27.0258331,K,4.11,0.24
42.35564971,-7.72777111,G,3.25,1.03
50.83952645,-3.10682316,K,-1.2,49.51
107.65813524,23.5380292,M,-1.2799270072992703,0.021972455607761267
67.53871376,6.14609138,B,-0.26,214.89
16.32452818,-19.7963584,K,-0.6808563273073253,0.22362696511302643
340.60821986,-28.44591549,K,2.43,2.35
9.51363149,-22.21603367,F,1.7449286314021815,2.6843617841590257
52.16721654,-2.40309488,F,1.7449286314021815,3.64
29.59384627,-14.1803763,K,-0.6808563273073253,0.22362696511302643
61.58178424,2.84804703,K,-2.51,129.38
62.95293494,3.60644414,F,2.8,2.15
10.8547353,-21.78293915,K,-1.74,48.39
32.69085454,-12.71383728,B,-0.1975961538461539,24693.029699168907
20.57080264,-18.15849412,F,1.01,17.81
82.66713141,13.84669497,F,2.22,4.51
75.06779692,10.09022628,A,0.4,61.89
59.26259311,1.52946909,A,0.9189775051124738,13.275911018388857
327.45161332,-29.20596747,A,0.9189775051124738,13.275911018388857
335.89138221,-28.88466478,K,-0.6808563273073253,0.22362696511302643
70.36963257,7.61545633,A,0.9189775051124738,13.275911018388857
58.04113244,0.83959069,G,3.41,0.97
74.28159703,9.66596638,A,-0.37,103.02
76.71290381,10.91017879,K,-4.11,433.67
62.8613933,3.51685281,F,1.7449286314021815,2.6843617841590257
33.80357542,-12.20746452,A,0.7,20.21
65.60739968,5.02283749,A,0.9189775051124738,13.275911018388857
6.76262667,-23.13680223,B,-0.8,183.14
27.82857712,-15.05985038,K,-0.6808563273073253,0.22362696511302643
8.23632973,-22.68211807,F,1.7449286314021815,2.6843617841590257
56.55186277,-0.01945615,G,2.72,1.6
81.10805943,13.06824874,K,-3.43,220.23
56.0743266,-0.28922444,F,1.7449286314021815,2.6843617841590257
77.6173806,11.34713951,G,-0.06,16.13
7.87739418,-22.80182642,G,1.5541858141858127,1.4605227901814972
351.64414903,-26.87724817,K,-0.63,22.14
22.06015786,-17.61015596,B,1.66,20.44
33.06365104,-12.60633993,A,0.96,15.52
40.87786279,-8.63435789,G,1.5541858141858127,1.4605227901814972
14.68257383,-20.50590581,B,-0.1975961538461539,66.06
49.99128489,-3.70102607,A,0.72,55.0
62.68039792,3.37515999,K,-0.6808563273073253,0.22362696511302643
36.98756306,-10.65536935,B,-0.89,340.07
44.88218459,-6.50863972,A,0.93,21.68
34.25592063,-12.03626232,G,1.5541858141858127,1.4605227901814972
28.59054475,-14.75108517,K,-0.6808563273073253,0.42
348.42964133,-27.46419366,K,-0.6808563273073253,0.22362696511302643
347.00737283,-27.69252675,F,2.53,2.79
17.2782291,-19.56072056,G,2.03,3.34
20.67490756,-18.21519397,F,0.62,16.19
330.37576047,-29.18777307,F,2.08,4.29
70.10505229,7.39831391,B,-0.1975961538461539,24693.029699168907
93.17003885,18.40725816,G,1.5541858141858127,1.4605227901814972
28.86564689,-14.64617001,K,-3.81,283.48
64.83757618,4.52747178,B,0.31,129.45
48.17769137,-4.74768886,G,-3.84,578.96
47.39027465,-5.17991344,A,0.9189775051124738,13.275911018388857
31.77094509,-13.28663649,B,-3.57,3213.58
328.7455064,-29.22938316,G,1.5541858141858127,1.4605227901814972
58.90526361,1.22422918,B,-0.1975961538461539,24693.029699168907
9.93442797,-22.19785286,G,3.96,0.6
325.74083518,-29.24261341,G,3.19,1.14
17.64639748,-19.4432591,G,1.5541858141858127,1.4605227901814972
89.3916961,16.81461799,K,-0.48,20.2
54.63217796,-1.17708243,K,3.66,0.7
71.96928502,8.36739042,B,-0.91,583.02
55.35313304,-0.77793711,A,0.9189775051124738,13.275911018388857
56.65346873,-0.05536813,K,3.44,0.8
14.51564269,-20.64622993,F,1.53,6.32
26.05791019,-15.97366791,B,-0.73,127.62
21.2328745,-18.04719859,K,-2.6,125.38
46.69235447,-5.61426951,G,1.5541858141858127,1.4605227901814972
342.9200744,-28.29354445,K,-0.6808563273073253,0.22362696511302643
57.58892515,0.43017598,A,0.68,28.73
356.09827905,-26.05129459,G,2.65,2.07
73.62271071,9.19238057,G,1.25,7.6
352.26729052,-26.8472935,G,1.5541858141858127,1.4605227901814972
63.9984955,3.99221508,B,-1.16,504.68
62.99537472,3.43599484,K,-0.6808563273073253,0.22362696511302643
343.58321465,-28.22550969,G,-0.3,20.67
24.88240145,-16.53141396,K,-3.54,284.69
63.27189902,3.58063302,G,1.76,4.9
359.39751911,-25.29420492,G,1.5541858141858127,1.4605227901814972
63.53111079,3.7231379,K,-0.6808563273073253,0.22362696511302643
23.03787608,-17.33143725,F,1.7449286314021815,2.6843617841590257
84.65259123,14.64332676,F,1.06,13.44
102.54949456,21.85119482,K,4.2,0.3
61.2277307,2.42509838,F,2.69,1.93
346.47844849,-27.82603271,M,-1.2799270072992703,0.021972455607761267
52.7720807,-2.31525587,G,-2.13,141.24
72.18935253,8.40637001,A,0.01,39.77
51.71351978,-2.90769961,B,-0.1975961538461539,24693.029699168907
354.51027652,-26.42608477,M,-1.2799270072992703,0.021972455607761267
320.68826006,-29.13993438,K,-0.6808563273073253,0.22362696511302643
350.96752795,-27.12339643,K,-0.6808563273073253,0.22362696511302643
61.41715584,2.50597863,G,1.5541858141858127,1.4605227901814972
54.97838768,-1.10845933,K,-3.78,256.56
43.10552732,-7.65488203,B,-0.1975961538461539,24693.029699168907
105.3908787,22.76518012,A,0.9189775051124738,13.275911018388857
4.17217403,-24.08407226,F,1.7449286314021815,2.6843617841590257
73.98687821,9.31504005,F,1.6,6.73
355.97129312,-26.14755006,G,1.5541858141858127,1.4605227901814972
64.28088425,4.06448369,A,1.25,19.52
5.20345129,-23.80320197,F,1.7449286314021815,2.6843617841590257
79.16911709,11.94544589,A,0.9189775051124738,13.275911018388857
87.16326694,15.73764827,M,-1.2799270072992703,0.021972455607761267
38.12972292,-10.30677032,F,1.95,7.2
37.31459721,-10.72657591,B,-0.1975961538461539,24693.029699168907
25.04656638,-16.56356918,F,1.84,5.45
43.00871949,-7.75263633,B,-0.1975961538461539,24693.029699168907
79.19795172,11.95051727,A,0.9189775051124738,13.275911018388857
49.50669469,-4.21544734,F,0.79,17.47
95.86436296,19.3829922,B,1.25,16.59
35.81168083,-11.49948714,B,-0.1975961538461539,24693.029699168907
117.23241087,25.96708942,A,0.9,32.13
95.58970523,19.27094634,F,0.53,21.9
97.44478566,19.98416188,K,-0.88,28.28
357.58469335,-25.81675401,F,0.91,13.47
69.0571393,6.63978857,K,-0.6808563273073253,0.22362696511302643
112.68338147,24.85636529,M,-1.2799270072992703,0.021972455607761267
112.14587684,24.71442323,A,0.9189775051124738,13.275911018388857
64.11041151,3.91490264,G,1.5541858141858127,1.4605227901814972
59.62548248,1.40974248,A,0.98,25.27
33.67139046,-12.59603072,F,2.17,5.46
18.78967959,-19.20809708,K,-0.6808563273073253,0.22362696511302643
13.97291459,-21.01667474,K,-0.6808563273073253,0.22362696511302643
5.27995312,-23.83440052,F,1.7449286314021815,2.6843617841590257
49.74747466,-4.13586371,K,-0.6808563273073253,0.22362696511302643
34.05711933,-12.42280567,F,1.93,5.76
24.62965129,-16.8067379,K,-0.6808563273073253,0.22362696511302643
25.39865351,-16.47190679,G,-1.63,58.39
43.94410708,-7.32294384,K,-0.6808563273073253,0.22362696511302643
32.69203316,-13.10573036,G,1.5541858141858127,1.4605227901814972
76.75228516,10.66115453,K,3.7,0.52
9.31833387,-22.62033311,F,2.85,2.15
58.36476453,0.66459856,G,1.5541858141858127,1.4605227901814972
319.33912159,-29.10367715,K,-0.6808563273073253,0.22362696511302643
54.8912414,-1.28717953,B,-0.1975961538461539,24693.029699168907
10.82794082,-22.13073595,G,1.19,6.77
39.63283775,-9.62299851,B,-0.1975961538461539,24693.029699168907
60.03898952,1.59617325,A,-0.9,128.48
55.37270729,-1.0296194,A,0.9189775051124738,13.275911018388857
54.70623849,-1.40844095,A,0.51,28.09
81.91319114,13.21548873,G,-1.64,60.92
76.37695389,10.45201863,F,1.7449286314021815,2.6843617841590257
61.18318752,2.22250214,B,0.79,30.67
340.28994954,-28.70673746,K,-0.6808563273073253,0.22362696511302643
68.09099036,6.04183239,G,3.14,0.98
6.63387369,-23.48689162,K,-0.88,32.85
69.30009289,6.69138818,K,-1.52,64.69
48.70870234,-4.77772713,M,-1.2799270072992703,0.021972455607761267
90.57647518,17.15908545,K,-0.6808563273073253,0.22362696511302643
347.56200762,-27.81014661,A,2.66,3.71
34.12498959,-12.46713899,A,0.9189775051124738,13.275911018388857
72.42386074,8.35642744,K,-0.6808563273073253,0.22362696511302643
356.58323461,-26.1356526,F,1.7449286314021815,2.6843617841590257
26.56799426,-16.04462748,G,1.5541858141858127,1.4605227901814972
53.55555733,-2.11599026,A,0.29,67.51
39.90480515,-9.56169619,B,-0.1975961538461539,24693.029699168907
332.50703089,-29.26146425,K,-4.36,0.22362696511302643
347.74382935,-27.80122874,K,-0.6808563273073253,0.22362696511302643
336.51074356,-29.04760264,K,-0.6808563273073253,0.22362696511302643
46.11202476,-6.2490431,A,0.9189775051124738,13.275911018388857
332.25771255,-29.27221626,G,3.09,1.31
83.73246998,14.0430867,K,-1.98,87.17
66.87626836,5.32713804,F,1.7449286314021815,2.6843617841590257
352.63815857,-26.96000572,G,3.52,0.84
357.23945822,-26.00037865,A,1.03,17.02
53.17959112,-2.33751051,K,-0.6808563273073253,0.22362696511302643
56.65826277,-0.40924819,K,-1.99,87.97
66.24549768,4.9535473,G,-1.37,51.25
38.65195029,-10.26465904,A,1.37,11.81
37.51289762,-10.86047354,B,-0.1975961538461539,24693.029699168907
13.3463651,-21.39696578,G,3.58,0.75
3.39923532,-24.50374634,F,1.7449286314021815,2.6843617841590257
339.27940891,-28.86191306,K,-1.98,103.43
53.6024642,-2.17085266,B,-0.1975961538461539,24693.029699168907
71.54470115,7.7965893,K,-2.44,100.99
330.21732267,-29.36185825,A,1.63,17.21
3.5727766,-24.47390282,F,1.7449286314021815,2.6843617841590257
61.21019221,2.09688461,A,-1.07,114.12
350.46663539,-27.4106779,G,1.5541858141858127,1.4605227901814972
308.47404468,-28.03901441,G,1.94,4.1
45.16281776,-6.88600054,G,1.5541858141858127,1.4605227901814972
95.38851193,19.07213997,G,1.5541858141858127,1.4605227901814972
58.66543193,0.63006512,B,-0.1975961538461539,24693.029699168907
65.80768929,4.62732369,A,2.13,10.37
66.85039056,5.20125514,B,1.88,12.92
87.25066547,15.59492623,F,1.71,6.32
71.19334689,7.55550085,A,1.76,13.43
29.07278624,-15.06246332,F,1.7449286314021815,13.89
58.74258781,0.63964242,K,-0.6808563273073253,48.0
328.26139521,-29.41386638,B,-0.1975961538461539,24693.029699168907
57.69309161,0.04678647,K,-0.6808563273073253,0.22362696511302643
354.47720764,-26.70237022,G,2.95,1.71
353.50615737,-26.89665059,G,1.5541858141858127,1.4605227901814972
333.68521313,-29.27993837,F,1.41,11.2
38.9362078,-10.23759075,K,-0.6808563273073253,0.22362696511302643
41.42692825,-8.94370011,B,-0.1975961538461539,24693.029699168907
67.69486813,5.62382461,F,0.68,19.1
48.06897779,-5.35893792,F,2.08,5.65
8.73286023,-23.03097394,F,1.7449286314021815,2.6843617841590257
77.06073674,10.61737285,K,3.83,0.47
13.88217717,-21.31399397,K,4.24,0.3
84.33394608,14.21274206,G,1.0,9.43
52.32269068,-3.00069068,M,-1.2799270072992703,0.021972455607761267
9.41017658,-22.8209972,A,0.9189775051124738,13.275911018388857
0.39902377,-25.38346677,F,2.68,2.64
351.03422694,-27.3762447,F,2.33,3.15
356.93552419,-26.20244673,F,1.7449286314021815,2.6843617841590257
75.40184192,9.74473787,F,2.09,4.68
28.92971428,-15.18499624,F,1.7449286314021815,2.6843617841590257
11.12477869,-22.27823333,A,-0.43,232.67
12.3782986,-21.85678334,K,-0.6808563273073253,0.22362696511302643
28.92627986,-15.18973833,A,1.54,10.75
63.47265105,3.24811316,M,-1.2799270072992703,0.021972455607761267
67.01920548,5.21971576,B,-0.1975961538461539,24693.029699168907
60.64059554,1.64691175,A,0.9189775051124738,13.275911018388857
358.01085586,-25.98289013,K,0.32,8.68
67.19933154,5.30191581,A,0.9189775051124738,13.275911018388857
83.67242768,13.8639013,F,1.27,8.62
40.61539118,-9.4390742,A,0.9189775051124738,13.275911018388857
30.70788984,-14.39696095,B,-0.1975961538461539,24693.029699168907
86.53473354,15.20202202,F,0.91,12.25
108.41581416,23.58432288,K,3.53,0.59
25.80677576,-16.63740326,K,-0.6808563273073253,0.22362696511302643
318.55902207,-29.13018348,B,-0.1975961538461539,24693.029699168907
74.1710983,9.05403283,B,-0.1975961538461539,24693.029699168907
70.00379221,6.80883174,F,2.5,4.54
77.05617006,10.55051136,B,-0.1975961538461539,24693.029699168907
100.51203514,20.95944266,G,-0.9,32.84
40.53191912,-9.51699098,B,-0.1975961538461539,24693.029699168907
1.77775516,-25.09485076,F,1.7449286314021815,2.6843617841590257
43.26728183,-8.07108542,B,-1.59,480.57
22.72214861,-17.98843778,A,0.9189775051124738,13.275911018388857
22.72461778,-17.9899035,A,0.9189775051124738,13.275911018388857
35.56796255,-12.07298996,F,1.7449286314021815,2.6843617841590257
80.56190051,12.31354784,A,1.44,16.54
70.99642094,7.33207705,K,-0.6808563273073253,0.22362696511302643
54.93719197,-1.63249369,B,-0.1975961538461539,24693.029699168907
108.56273184,23.6200098,F,0.43,21.28
15.60955373,-20.78845742,F,2.31,3.99
312.63184846,-28.59512989,G,1.5541858141858127,1.4605227901814972
330.05605613,-29.44293462,K,-0.6808563273073253,0.22362696511302643
341.1886527,-28.80175975,F,1.75,8.88
337.15589186,-29.14395178,F,2.27,3.42
77.60704639,10.8033027,K,-1.6,57.39
353.34812209,-27.02472752,F,2.13,5.01
317.29453735,-29.04925862,A,0.9189775051124738,13.275911018388857
47.69422231,-5.70680548,M,-1.2799270072992703,0.021972455607761267
64.95085357,3.97078118,G,-2.06,105.71
37.13577941,-11.33062608,B,-0.1975961538461539,24693.029699168907
326.28739388,-29.46533395,K,-1.65,52.12
64.75510508,3.85186501,M,-1.2799270072992703,0.021972455607761267
53.1169202,-2.7080903,K,-0.6808563273073253,0.22362696511302643
37.70740065,-11.04855754,K,-0.6808563273073253,0.21
9.56864167,-22.89891632,G,1.5541858141858127,1.4605227901814972
58.07170699,0.08308588,F,0.55,19.52
56.13756956,-1.01033933,F,1.7449286314021815,2.6843617841590257
76.16101483,10.03111969,B,-1.06,347.82
357.97248191,-26.08115766,K,-0.6808563273073253,0.22362696511302643
71.58678448,7.59502243,B,-0.1975961538461539,24693.029699168907
80.35021143,12.15901314,K,-0.41,17.43
65.18660545,4.07282423,B,-0.1975961538461539,24693.029699168907
350.88743029,-27.50643512,G,1.5541858141858127,1.4605227901814972
83.73497206,13.81586657,K,-0.6808563273073253,0.22362696511302643
55.39601279,-1.45681545,K,-0.6808563273073253,0.22362696511302643
339.01309244,-29.03332528,F,1.39,10.11
103.76397965,22.064265,M,5.45,0.05
358.37364277,-26.00414593,F,1.7449286314021815,2.6843617841590257
62.00020355,2.26943813,F,1.88,5.84
325.08662491,-29.45942924,G,1.5541858141858127,1.4605227901814972
79.00359288,11.46507691,G,-1.37,57.42
15.23398183,-21.00471335,G,3.21,1.15
325.98329047,-29.47677941,G,-1.95,92.5
64.61942033,3.73345591,B,-0.1975961538461539,24693.029699168907
13.05950271,-21.77895035,M,4.83,0.07
331.80307376,-29.44007883,K,-1.76,68.18
56.81026401,-0.67984387,B,-0.1975961538461539,24693.029699168907
359.80239065,-25.67991638,G,3.27,1.17
32.97112163,-13.47137403,K,-0.6808563273073253,0.22362696511302643
98.36130928,20.11202229,A,0.47,33.8
359.4151532,-25.77845213,G,1.2,5.92
45.48963337,-7.00195018,A,0.39,25.75
32.37955404,-13.76353455,A,1.72,8.82
359.53244426,-25.75713992,G,1.5541858141858127,1.4605227901814972
50.94489822,-3.99968698,B,-0.1975961538461539,24693.029699168907
353.52805444,-27.05779372,F,0.3,32.8
55.78006203,-1.28215708,F,1.7449286314021815,2.6843617841590257
18.20168053,-19.93758069,K,-0.6808563273073253,0.22362696511302643
68.34378647,5.76350247,A,-0.14,68.99
350.31526797,-27.64972874,K,3.68,0.55
20.532311,-19.03469133,F,1.65,7.27
72.69299965,8.11889906,A,0.9189775051124738,13.275911018388857
348.80041054,-27.90311527,K,-0.6808563273073253,0.22362696511302643
16.40772687,-20.63575976,A,1.27,26.07
60.95347129,1.6085832,G,1.5541858141858127,1.4605227901814972
341.98627795,-28.79456215,F,1.7449286314021815,2.6843617841590257
339.10677329,-29.06400098,G,-0.89,34.35
60.10409993,1.12250743,K,-0.6808563273073253,0.22362696511302643
329.33465523,-29.51378779,A,1.18,27.74
78.30549847,11.05152874,K,4.08,0.34
24.46135439,-17.42669254,B,0.29,98.07
344.59628444,-28.50353086,K,-0.6808563273073253,0.22362696511302643
24.76818583,-17.30239352,B,-0.1975961538461539,24693.029699168907
359.88176615,-25.72010693,A,1.43,13.82
55.64127359,-1.42290863,G,1.5541858141858127,1.4605227901814972
17.7690997,-20.15077933,A,0.47,36.47
91.9367574,17.47768283,A,0.88,16.08
84.65108343,14.1770993,K,-0.6808563273073253,0.22362696511302643
57.53424501,-0.36491039,B,1.95,10.39
45.28466561,-7.20669219,G,-1.33,49.07
348.37004797,-28.00778952,K,-1.4,44.61
88.06948485,15.75368635,A,0.9189775051124738,13.275911018388857
354.23651451,-26.98273345,F,2.7,2.4
38.25545762,-10.946662,A,1.67,8.48
8.13200566,-23.48916043,K,-0.6808563273073253,0.22362696511302643
74.4707904,9.01083059,K,-0.6808563273073253,0.22362696511302643
2.05941404,-25.20782558,K,-0.6808563273073253,0.22362696511302643
25.55438836,-17.01046165,A,1.33,23.91
31.25135235,-14.41793772,F,2.32,3.07
88.21657211,15.81332813,K,-1.44,50.92
60.61318082,1.3488368,F,1.7449286314021815,2.6843617841590257
54.45392471,-2.13958443,G,1.5541858141858127,299.08
5.5116607,-24.27290142,K,-0.6808563273073253,0.22362696511302643
69.40888611,6.2635302,A,0.9189775051124738,13.275911018388857
16.43287023,-20.6991903,K,-1.4,60.63
86.13950079,14.84952684,A,0.9189775051124738,13.275911018388857
73.12072118,8.2765573,A,0.9189775051124738,13.275911018388857
19.28200642,-19.62711468,M,-1.2799270072992703,0.021972455607761267
322.85956774,-29.43842069,K,-0.6808563273073253,0.22362696511302643
54.36413436,-2.21391842,K,-3.11,184.28
358.34392195,-26.13403085,A,0.9189775051124738,13.275911018388857
59.57464869,0.73397392,K,-0.6808563273073253,0.22362696511302643
1.28850145,-25.42900201,K,-0.6808563273073253,0.22362696511302643
27.82312289,-16.03698079,B,-0.1975961538461539,24693.029699168907
69.50731046,6.29541275,K,-0.6808563273073253,0.22362696511302643
92.58942717,17.71826844,A,-0.11,49.67
62.28576807,2.26029125,B,0.33,99.69
41.14488611,-9.49505415,B,-0.1975961538461539,24693.029699168907
73.43377998,8.41635047,G,1.5,7.28
84.94643163,14.26301847,A,0.9189775051124738,13.275911018388857
88.12086022,15.74235842,A,1.49,12.36
18.5513104,-19.93880892,B,-0.1975961538461539,24693.029699168907
22.86200624,-18.21298937,A,2.28,7.05
111.87790282,24.52305543,G,3.47,0.76
343.35523592,-28.7141473,K,-1.58,52.14
23.89596486,-17.79465396,G,1.5541858141858127,1.4605227901814972
33.61870609,-13.35344873,G,1.5541858141858127,1.4605227901814972
53.02186,-3.02395657,B,-0.1975961538461539,24693.029699168907
17.15391249,-20.49933664,G,3.25,1.16
59.2451407,0.49417796,A,1.2,17.51
46.68302116,-6.56518841,B,-0.1975961538461539,24693.029699168907
61.7162444,1.88652482,B,-0.1975961538461539,24693.029699168907
56.64188647,-1.00311941,B,-0.1975961538461539,24693.029699168907
352.00703268,-27.48300581,F,1.7449286314021815,2.6843617841590257
57.60560809,-0.47428398,A,0.9189775051124738,13.275911018388857
18.62686506,-19.98241275,G,2.86,1.61
43.47927827,-8.34719789,F,1.76,5.86
338.75580209,-29.1884463,K,-0.6808563273073253,0.22362696511302643
98.86338029,20.20419073,K,-0.6808563273073253,0.22362696511302643
94.6853818,18.54834953,F,0.6,15.97
89.01114077,16.09584815,A,0.81,40.87
57.58131203,-0.50396804,A,0.9189775051124738,13.275911018388857
47.27981712,-6.29835491,A,0.9189775051124738,13.275911018388857
78.03648085,10.75819243,K,-1.24,41.62
59.48188688,0.55900589,B,-0.1975961538461539,24693.029699168907
357.37116673,-26.44540678,K,-0.6808563273073253,0.22362696511302643
346.59628581,-28.36555945,K,-0.6808563273073253,0.22362696511302643
66.18463863,4.33855874,K,-0.6808563273073253,0.22362696511302643
76.50226663,9.95154678,M,-7.08,2534.09
343.59816151,-28.74396135,A,0.27,44.22
38.05859751,-11.23574504,A,0.14,53.81
23.46932447,-18.07217339,K,-1.64,55.54
49.75643034,-4.95373992,A,0.9189775051124738,13.275911018388857
34.95976356,-12.8031713,A,1.01,17.93
349.0682489,-28.01640666,F,1.7449286314021815,2.6843617841590257
31.75893916,-14.35966713,F,2.21,3.75
62.9836112,2.51926631,G,1.5541858141858127,1.4605227901814972
81.41994574,12.45547921,F,1.29,11.04
77.81264377,10.61656934,F,1.99,4.4
79.48937762,11.47724117,G,-1.04,36.41
59.50817511,0.53931584,K,-0.6808563273073253,0.22362696511302643
7.55798199,-23.82668359,G,1.5541858141858127,1.4605227901814972
60.2412126,0.95590599,F,1.08,9.88
120.66058008,26.66600847,K,-1.93,74.19
3.72030121,-24.92001043,F,1.7449286314021815,2.6843617841590257
12.20368772,-22.35800186,K,-0.6808563273073253,0.22362696511302643
44.09446723,-8.08779965,K,-0.6808563273073253,0.22362696511302643
78.71569541,11.0703025,F,0.66,19.65
65.81337096,4.09352755,K,-0.6808563273073253,0.22362696511302643
40.14025336,-10.19581882,B,-0.1975961538461539,24693.029699168907
6.32471194,-24.20494272,G,3.31,1.0
62.47601327,2.20381207,A,1.17,14.97
338.98844238,-29.21096156,K,-2.04,75.86
355.68132692,-26.84985825,F,1.7449286314021815,2.6843617841590257
68.82439926,5.75378496,A,0.9189775051124738,13.275911018388857
36.95052724,-11.85454024,F,2.77,2.11
344.65911756,-28.65180282,K,-0.6808563273073253,0.22362696511302643
54.0972061,-2.60181019,K,-3.85,402.08
16.29869787,-20.98431673,K,-0.6808563273073253,0.22362696511302643
117.20964688,25.87986655,G,3.4,0.98
50.90848431,-4.41003701,B,-0.1975961538461539,24693.029699168907
28.45818299,-15.99005179,K,-0.6808563273073253,0.22362696511302643
48.16288947,-5.94465847,F,2.06,4.36
56.42145913,-1.30285468,F,1.85,8.23
50.70774401,-4.53177687,A,0.9189775051124738,13.275911018388857
50.34918999,-4.73496268,F,1.2,10.07
76.39735949,9.80245181,K,-0.6808563273073253,0.22362696511302643
51.15360853,-4.29589577,A,0.9189775051124738,13.275911018388857
3.26189986,-25.12118973,A,2.15,6.61
346.63684875,-28.43824789,F,2.46,2.74
66.39847764,4.33491338,G,0.66,9.45
36.5808992,-12.12093661,B,-0.1975961538461539,24693.029699168907
49.38830378,-5.29349788,B,-0.1975961538461539,24693.029699168907
323.83297245,-29.55798408,F,1.7449286314021815,2.6843617841590257
6.90293811,-24.1179752,G,3.24,1.05
83.16230132,13.23117719,G,1.5541858141858127,1.4605227901814972
58.4484679,-0.18318522,K,-0.6808563273073253,0.22362696511302643
75.71438911,9.41863109,B,0.97,52.33
65.64638899,3.89543924,G,1.5541858141858127,1.4605227901814972
49.29640906,-5.36256171,A,0.9189775051124738,13.275911018388857
333.77223469,-29.56359628,K,-0.6808563273073253,0.22362696511302643
341.21428164,-29.07700679,K,4.06,0.32
64.2786992,3.10601113,B,-0.1975961538461539,24693.029699168907
63.02796085,2.39154294,A,0.9189775051124738,13.275911018388857
72.74268933,7.79908761,A,0.9189775051124738,13.275911018388857
331.40296015,-29.63893407,F,2.52,3.15
72.45362491,7.63749652,B,-0.1975961538461539,24693.029699168907
35.20301333,-12.86318386,B,-0.1975961538461539,24693.029699168907
64.0544665,2.95827449,K,-0.6808563273073253,0.22362696511302643
355.94496002,-26.89058803,G,3.34,1.19
334.92860031,-29.52899476,F,0.79,14.46
44.97913249,-7.78031741,F,1.7449286314021815,2.6843617841590257
80.39802674,11.80858661,M,-1.2799270072992703,0.021972455607761267
19.86092796,-19.73297078,M,-1.2799270072992703,0.021972455607761267
346.36741427,-28.53500742,F,1.7449286314021815,2.6843617841590257
351.9578069,-27.67843487,K,-0.6808563273073253,0.22362696511302643
57.28480657,-0.93513341,F,1.7449286314021815,2.6843617841590257
9.77524112,-23.32526551,F,1.7449286314021815,2.6843617841590257
82.56332613,12.8715797,G,-0.65,25.57
15.15623831,-21.5229866,A,0.9189775051124738,13.275911018388857
322.711593,-29.53979936,K,3.91,0.39
3.93086002,-25.03251079,G,3.08,1.26
330.29272152,-29.68088097,M,-4.53,358.15
30.81953939,-15.04388323,K,-0.6808563273073253,0.22362696511302643
342.42022331,-29.00663203,K,-0.6808563273073253,0.22362696511302643
67.75152809,4.98138563,A,0.9189775051124738,13.275911018388857
59.91205419,0.54337418,G,2.73,2.25
73.86546452,8.34124877,A,-0.33,71.6
65.76682597,3.86006685,M,-1.2799270072992703,0.021972455607761267
6.31563399,-24.39110669,K,-0.6808563273073253,0.22362696511302643
42.97587443,-8.94443693,K,-0.6808563273073253,0.22362696511302643
6.94070239,-24.21876221,G,1.5541858141858127,1.4605227901814972
316.84468091,-29.14342224,K,-3.19,146.0
344.70462799,-28.7704705,F,1.86,4.89
34.84710038,-13.15223904,B,-0.1975961538461539,24693.029699168907
83.3402025,13.21465666,G,2.81,1.69
2.7111766,-25.40021441,A,1.67,15.38
336.11263632,-29.52033052,G,2.72,1.75
8.55445432,-23.76309271,F,1.7449286314021815,2.6843617841590257
11.10654076,-22.96127775,K,-0.6808563273073253,0.22362696511302643
82.85222544,12.96537242,G,1.5541858141858127,1.4605227901814972
83.33700202,13.20415049,G,3.02,1.37
59.32426092,0.14948359,G,2.2,2.88
62.80386244,2.13152103,B,-0.1975961538461539,24693.029699168907
52.23809717,-3.88678544,F,1.7449286314021815,2.6843617841590257
50.50902447,-4.86276657,A,0.9189775051124738,13.275911018388857
70.53963908,6.4595383,F,2.72,2.61
74.09859268,8.40234679,A,1.16,17.97
39.83288607,-10.67328114,F,1.67,5.18
10.65880141,-23.139233,G,1.5541858141858127,1.4605227901814972
357.74775761,-26.61917268,A,2.12,7.76
57.67379858,-0.82734788,K,-0.6808563273073253,0.22362696511302643
58.38854318,-0.42137356,G,1.5541858141858127,1.31
17.64629244,-20.71738599,K,-0.6808563273073253,0.22362696511302643
66.40261231,4.13382802,F,0.92,16.68
9.60504436,-23.48165006,K,-0.6808563273073253,0.22362696511302643
29.49762179,-15.769781,M,-1.2799270072992703,0.021972455607761267
30.34030192,-15.38416834,K,-1.74,68.56
15.12087599,-21.64889186,K,3.61,0.53
87.92507058,15.37046986,M,-6.91,577.47
61.54034888,1.35840879,F,1.7449286314021815,2.6843617841590257
21.97098301,-19.05306408,F,1.7449286314021815,2.6843617841590257
64.23597543,2.88032547,B,-0.1975961538461539,24693.029699168907
309.96975082,-28.34462617,G,2.88,1.59
70.66824483,6.4878404,B,-0.1975961538461539,24693.029699168907
66.45506903,4.13336449,F,1.55,6.83
68.33298655,5.1851262,K,-0.6808563273073253,0.22362696511302643
92.05997751,17.22115833,G,-0.57,26.08
102.91279399,21.54203251,F,1.7449286314021815,2.6843617841590257
64.68098837,3.11331295,F,1.19,8.45
10.33902019,-23.29126299,F,1.7449286314021815,2.6843617841590257
49.62279204,-5.4425636,B,-0.18,179.5
3.00584498,-25.4060048,F,2.4,3.19
92.75003576,17.51475171,A,0.6,47.56
345.05934892,-28.80770744,A,1.1,17.64
340.29765575,-29.29855821,G,1.5541858141858127,1.4605227901814972
55.10805964,-2.37627811,A,0.87,35.07
347.83103163,-28.46083306,F,1.79,7.66
15.20298747,-21.69719597,A,-0.1,53.62
52.31850156,-3.97736915,B,-0.1975961538461539,24693.029699168907
13.60463354,-22.25751855,K,-0.6808563273073253,0.22362696511302643
77.49900123,10.11721641,B,-0.1975961538461539,24693.029699168907
26.49045886,-17.22845515,A,0.9189775051124738,13.275911018388857
46.10050167,-7.45874867,G,3.79,0.6
112.71335554,24.65966375,A,0.9189775051124738,13.275911018388857
8.55982276,-23.90326681,F,1.7449286314021815,2.6843617841590257
66.66514697,4.16937011,G,2.95,1.35
353.60241265,-27.54538569,K,-0.6808563273073253,0.22362696511302643
40.25846682,-10.59881606,G,3.02,1.4
70.58502381,6.35563947,K,-0.6808563273073253,0.22362696511302643
23.81571418,-18.3981264,F,0.6,23.13
60.64625794,0.73463231,F,1.7449286314021815,2.6843617841590257
327.46541936,-29.76426607,G,2.8,1.65
96.74642232,19.15400586,G,1.65,6.44
61.81955709,1.39909507,A,0.9189775051124738,13.275911018388857
338.16303962,-29.48871946,G,2.69,1.7
347.63951867,-28.52074479,K,-2.58,124.16
49.34391243,-5.69725794,G,-3.45,452.37
73.95340288,8.19083381,A,0.95,37.86
53.37767983,-3.4276641,A,0.9189775051124738,13.275911018388857
33.69041412,-13.93545664,G,3.49,0.82
56.73394632,-1.51829908,B,-0.1975961538461539,24693.029699168907
43.27867709,-9.02329226,B,-0.1975961538461539,24693.029699168907
96.10243945,18.88583292,B,-0.1975961538461539,24693.029699168907
7.66055459,-24.19693898,F,2.35,3.05
36.49877262,-12.55645102,M,-1.2799270072992703,0.021972455607761267
63.72344734,2.47006585,F,0.58,15.87
15.70616729,-21.57675719,F,1.7449286314021815,2.6843617841590257
322.97332345,-29.63041286,G,1.5541858141858127,1.4605227901814972
47.06793664,-6.97741678,B,-0.1975961538461539,24693.029699168907
357.54793179,-26.78378059,G,1.5541858141858127,1.4605227901814972
14.3951723,-22.0445526,G,1.5541858141858127,1.4605227901814972
9.31049959,-23.71646979,F,1.7449286314021815,2.6843617841590257
352.80116072,-27.72694672,A,1.6,11.83
53.18575516,-3.57908733,K,-0.6808563273073253,0.22362696511302643
46.33354429,-7.41062292,G,1.5541858141858127,1.4605227901814972
67.29129001,4.45863655,A,-3.41,1214.9
356.07721398,-27.11374124,K,-0.6808563273073253,0.22362696511302643
46.33914673,-7.41573373,F,1.7449286314021815,6.65
32.94903163,-14.34901012,K,-0.6808563273073253,0.22362696511302643
57.44930184,-1.16638757,G,3.29,1.02
80.39698058,11.55285915,G,-3.42,344.08
54.73235852,-2.72214078,B,-0.1975961538461539,24693.029699168907
58.97365639,-0.29848979,K,-1.56,56.22
71.909309,7.01977183,K,-0.6808563273073253,0.22362696511302643
350.40907838,-28.15122458,F,1.7449286314021815,2.6843617841590257
64.60210841,2.91639004,F,1.06,14.55
87.56673995,15.08329576,M,-1.2799270072992703,0.021972455607761267
59.50669838,0.00149656,B,-0.1975961538461539,24693.029699168907
81.51103091,12.11461626,B,-0.1975961538461539,24693.029699168907
76.30856839,9.40275948,B,-0.1975961538461539,24693.029699168907
40.24942795,-10.70016683,K,-0.6808563273073253,0.22362696511302643
21.83762017,-19.29665032,F,2.48,3.17
70.21099284,6.06900485,K,-0.6808563273073253,0.22362696511302643
44.40745669,-8.49598336,B,-0.1975961538461539,24693.029699168907
71.90873719,7.00302141,F,1.7449286314021815,2.6843617841590257
353.87728183,-27.56523461,M,4.29,0.13
54.34428424,-2.97005728,B,-0.1975961538461539,24693.029699168907
2.18806244,-25.76165769,F,1.62,8.45
74.60356801,8.4635899,B,0.88,50.86
63.77690669,2.41569202,K,-0.6808563273073253,0.22362696511302643
59.28736041,-0.15928026,G,2.08,3.3
18.62521056,-20.58801671,K,-0.6808563273073253,0.22362696511302643
353.91603278,-27.57550079,G,3.98,0.56
62.9487959,1.93080635,K,-2.12,87.28
3.74628576,-25.37461841,G,0.84,7.46
319.32077944,-29.42688521,G,2.02,3.96
69.0626206,5.39111478,A,0.9189775051124738,13.275911018388857
334.67743254,-29.7285209,F,1.7449286314021815,2.6843617841590257
69.97509646,5.89495821,A,0.9189775051124738,13.275911018388857
63.41946468,2.18567293,F,2.26,3.21
25.68674712,-17.74106232,K,-0.6808563273073253,0.22362696511302643
348.87316681,-28.42510237,F,2.67,2.32
42.81012289,-9.40855564,B,-0.1975961538461539,24693.029699168907
31.27947323,-15.22132274,F,1.83,6.79
93.79211383,17.85399952,G,1.5541858141858127,1.4605227901814972
73.97427909,8.09203643,F,1.93,6.81
58.52794952,-0.62590557,A,1.64,12.07
56.68096795,-1.68787565,F,1.7449286314021815,2.6843617841590257
349.48209345,-28.34294681,G,4.11,0.54
31.26560064,-15.24461826,F,2.09,4.1
60.52450642,0.50876714,F,2.16,3.35
321.78265643,-29.60319397,G,2.92,1.46
62.54954509,1.66837373,F,2.18,4.98
28.62121412,-16.46615989,K,-0.6808563273073253,0.22362696511302643
323.36151163,-29.68894101,K,-0.6808563273073253,0.22362696511302643
65.81046238,3.51831417,A,0.81,44.98
72.81305781,7.43387198,K,-4.19,632.23
29.07323197,-16.27945385,G,3.26,1.23
20.98153817,-19.73256942,K,-0.6808563273073253,0.22362696511302643
341.31612291,-29.33646869,M,-5.49,50.53
90.39165009,16.3273843,G,1.68,5.44
104.36551573,21.96913637,A,1.31,21.0
65.43247023,3.28062388,A,0.15,59.8
47.38294668,-6.98476229,K,-2.14,59.55
85.31546451,13.92822067,A,0.05,53.18
356.42295742,-27.14604806,F,1.7449286314021815,2.6843617841590257
101.34938851,20.87004811,K,-1.16,37.33
354.64960125,-27.49970462,K,-0.6808563273073253,0.22362696511302643
101.49131926,20.91971194,F,2.45,5.57
326.16398365,-29.8091405,F,2.81,2.13
66.05234481,3.61257767,K,-0.6808563273073253,0.22362696511302643
42.67743794,-9.56427261,F,0.97,13.35
80.47620172,11.48203883,B,-0.1975961538461539,24693.029699168907
320.03779033,-29.50544629,K,-0.6808563273073253,0.22362696511302643
350.42621765,-28.24597098,K,-0.6808563273073253,0.22362696511302643
59.50855488,-0.1464252,K,5.24,0.22362696511302643
88.90947276,15.62016022,A,1.9,15.07
58.73428853,-0.59808061,B,-0.16,202.17
47.92165082,-6.72836311,M,5.03,0.09
348.2154445,-28.58314118,K,-0.41,18.14
335.17550129,-29.76085478,F,1.88,5.61
69.68114799,5.62753742,M,-1.2799270072992703,0.021972455607761267
7.42837378,-24.46226555,K,-0.6808563273073253,0.22362696511302643
49.21944457,-6.02343025,F,1.7449286314021815,2.6843617841590257
59.33487342,-0.27245061,F,1.7449286314021815,2.6843617841590257
44.74678342,-8.49310295,B,-0.1975961538461539,24693.029699168907
39.55948688,-11.24923285,B,-0.1975961538461539,24693.029699168907
347.3528843,-28.71194508,K,-0.6808563273073253,0.22362696511302643
51.60782745,-4.69475295,A,0.9189775051124738,13.275911018388857
358.27086842,-26.80023857,F,1.7449286314021815,2.6843617841590257
24.55280673,-18.36143578,F,0.95,12.65
329.0188292,-29.87784407,F,1.17,12.27
30.62759485,-15.667338,A,0.9189775051124738,13.275911018388857
0.6860744,-26.26790871,A,0.9189775051124738,13.275911018388857
2.12336246,-25.9219752,B,-0.42,126.63
81.8842827,12.15556614,M,-1.2799270072992703,0.021972455607761267
98.59936967,19.77327299,G,1.5541858141858127,1.4605227901814972
89.50191121,15.85702639,G,-0.13,20.31
82.02359605,12.22075745,F,2.12,4.94
61.16769415,0.73545306,K,-0.6808563273073253,0.22362696511302643
352.16318303,-28.01175324,G,1.5541858141858127,1.4605227901814972
107.38929293,22.96567664,K,-1.4,56.5
38.98573796,-11.60200881,A,0.9189775051124738,13.275911018388857
354.95690362,-27.51348124,K,-1.53,54.59
61.60961641,0.97532503,G,-1.67,74.05
83.97570701,13.19246184,M,-1.2799270072992703,0.021972455607761267
111.74134538,24.32201721,A,1.07,28.77
0.65882361,-26.29619932,K,-0.6808563273073253,0.22362696511302643
75.61071247,8.83411016,M,-4.29,463.21
37.20462912,-12.52855656,G,1.5541858141858127,1.4605227901814972
72.56313998,7.16067473,B,-0.1975961538461539,24693.029699168907
338.74265495,-29.61390743,K,-0.6808563273073253,0.22362696511302643
52.20688557,-4.43571156,K,-0.6808563273073253,0.22362696511302643
85.39858979,13.87824514,K,2.04,6.47
68.92249481,5.11093397,B,-1.42,553.22
4.576507,-25.34247353,G,3.43,0.88
109.65992779,23.6814054,K,0.18,11.86
57.23538242,-1.58808715,K,-0.6808563273073253,0.22362696511302643
62.81646568,1.61240246,K,-0.6808563273073253,0.22362696511302643
66.93435057,3.96616692,A,1.87,5.8
350.02290218,-28.40199,K,3.76,0.53
82.8217435,12.57338752,K,-3.23,203.06
329.03338351,-29.9162742,F,1.76,6.33
329.78777802,-29.91925826,G,1.5541858141858127,1.4605227901814972
359.01546101,-26.72392895,K,-0.6808563273073253,0.22362696511302643
91.45209288,16.69995709,G,1.5541858141858127,1.4605227901814972
329.78379657,-29.92418353,G,1.88,3.86
72.30793197,6.96719749,A,0.98,27.28
47.49243482,-7.13796788,G,1.5541858141858127,1.4605227901814972
63.33755,1.88099667,G,1.5541858141858127,1.4605227901814972
72.24775908,6.92171011,B,-0.1975961538461539,24693.029699168907
5.13276918,-25.23494567,G,1.5541858141858127,1.4605227901814972
42.16926016,-10.03933821,G,2.56,2.29
83.84904339,13.06594876,A,0.97,48.22
37.1987807,-12.61983493,B,-0.1975961538461539,24693.029699168907
50.00697491,-5.75666367,A,0.9189775051124738,13.275911018388857
4.76588712,-25.34028949,G,1.5541858141858127,1.4605227901814972
60.99804618,0.5198487,F,3.14,1.76
4.16475817,-25.50503694,G,2.93,1.42
0.12136053,-26.50619576,F,1.7449286314021815,2.6843617841590257
13.65221207,-22.66477711,K,-0.6808563273073253,0.22362696511302643
86.70497944,14.44851629,M,-1.2799270072992703,0.021972455607761267
86.71748922,14.45172942,K,-0.6808563273073253,0.22362696511302643
333.72674295,-29.90240206,G,3.56,0.79
45.81880935,-8.12507235,B,-0.1975961538461539,24693.029699168907
71.75954228,6.60381554,G,-2.1,99.97
320.39085152,-29.59173873,F,1.24,10.93
92.97541407,17.3360599,A,0.9189775051124738,13.275911018388857
41.08652792,-10.67802916,A,0.9189775051124738,13.275911018388857
101.37457978,20.78403852,A,0.11,66.44
336.52474875,-29.8050696,F,1.7449286314021815,2.6843617841590257
73.4713514,7.52952984,F,0.52,20.24
13.25761849,-22.85129142,G,2.93,1.43
85.93317442,14.04035556,K,-0.84,26.09
5.93870495,-25.0892211,F,2.47,2.93
341.32219841,-29.50368613,K,-2.5,86.66
351.17551338,-28.30518527,F,1.7449286314021815,2.6843617841590257
19.45218906,-20.64568072,G,1.5541858141858127,1.4605227901814972
357.76192586,-27.08941313,K,-3.06,172.37
46.17236282,-7.98806077,F,2.06,4.97
1.84442426,-26.16482745,A,0.9189775051124738,13.275911018388857
22.78154568,-19.34673177,A,1.76,9.43
55.47455379,-2.76867913,M,-1.2799270072992703,0.021972455607761267
43.53654259,-9.43760081,K,-0.6808563273073253,0.22362696511302643
358.3048495,-26.98841033,F,1.7449286314021815,2.6843617841590257
17.4042224,-21.43520488,F,0.57,17.26
50.87707247,-5.39818293,B,-1.16,341.31
333.6145557,-29.94159818,M,-1.2799270072992703,0.021972455607761267
50.81700653,-5.43962633,K,-0.6808563273073253,0.22362696511302643
69.22174365,5.09502221,M,-6.4,623.79
17.00749607,-21.61252989,K,-0.6808563273073253,0.22362696511302643
46.87522203,-7.66475288,G,-1.53,66.02
48.79856472,-6.59881323,A,2.0,9.61
354.35753285,-27.80632218,K,4.47,0.18
352.50932554,-28.13531629,F,1.7449286314021815,2.6843617841590257
55.62192449,-2.74427766,F,2.31,3.29
53.96578736,-3.70693042,A,0.9189775051124738,13.275911018388857
64.76023447,2.50578681,F,1.7449286314021815,2.6843617841590257
74.77293471,8.14908727,M,-5.44,522.74
57.99394799,-1.40499012,K,-0.6808563273073253,0.22362696511302643
83.79969138,12.90481805,K,-0.6808563273073253,0.22362696511302643
48.85202009,-6.61283199,K,-0.6808563273073253,0.22362696511302643
79.47518924,10.67090484,A,1.49,10.34
345.81430736,-29.11793457,K,4.05,0.35
29.36171847,-16.61402512,M,-3.81,0.021972455607761267
8.96821092,-24.32682959,F,1.7449286314021815,2.6843617841590257
313.96894565,-28.98597063,M,-1.2799270072992703,0.021972455607761267
359.28186226,-26.85234899,K,4.36,0.53
6.7602095,-24.97455186,M,-1.2799270072992703,0.021972455607761267
48.70882364,-6.72060353,B,-0.1975961538461539,24693.029699168907
50.69858623,-5.60438574,K,-0.6808563273073253,0.22362696511302643
92.09101013,16.85163413,G,2.56,2.53
78.7093932,10.24305979,A,0.9189775051124738,199.64
106.13181997,22.45057968,K,3.82,0.52
65.21130991,2.72000306,A,0.9189775051124738,13.275911018388857
88.47106311,15.16719335,M,-1.2799270072992703,0.021972455607761267
315.9716897,-29.22797766,G,2.11,3.13
53.1482097,-4.24165862,F,1.7449286314021815,2.6843617841590257
31.19627057,-15.80798679,F,1.7449286314021815,2.6843617841590257
64.84120485,2.49200654,K,4.51,0.21
56.03732971,-2.59117061,A,0.9189775051124738,13.275911018388857
330.74156935,-30.03336425,G,2.46,2.18
39.81456617,-11.56030866,A,1.14,12.73
80.05259176,10.93106811,G,1.5541858141858127,1.4605227901814972
53.54150004,-4.03297867,B,-0.1975961538461539,24693.029699168907
9.93521422,-24.07883726,K,-0.6808563273073253,0.22362696511302643
351.05026659,-28.44019662,G,1.5541858141858127,1.4605227901814972
27.34846818,-17.58303605,K,-0.6808563273073253,0.22362696511302643
36.38650134,-13.33087428,K,-0.6808563273073253,0.22362696511302643
43.54821663,-9.61188737,M,-1.2799270072992703,0.021972455607761267
325.48977903,-29.94647822,F,2.16,3.24
14.92349568,-22.47476955,K,-0.6808563273073253,0.22362696511302643
38.5395088,-12.25290376,B,-0.1975961538461539,24693.029699168907
41.77248073,-10.57143943,G,-0.17,13.2
60.28823135,-0.17789914,O,-1.0,80976.42962657007
25.07064503,-18.58032974,K,-0.6808563273073253,0.22362696511302643
11.10107282,-23.74325222,F,1.7449286314021815,2.6843617841590257
22.76604351,-19.54069012,K,-0.6808563273073253,0.22362696511302643
57.52530235,-1.7827603,A,0.9189775051124738,13.275911018388857
356.63524674,-27.46923566,K,-0.6808563273073253,0.22362696511302643
12.87007698,-23.18149203,K,-0.6808563273073253,0.22362696511302643
327.36642662,-30.01334331,K,4.0,0.25
35.03459603,-14.02907193,G,1.5541858141858127,1.4605227901814972
61.90372269,0.74037745,K,-0.6808563273073253,0.22362696511302643
85.92245336,13.88851225,A,1.31,18.07
350.63855504,-28.53225472,F,1.96,4.43
66.68591862,3.49341561,B,-0.1975961538461539,24693.029699168907
316.63227051,-29.31386394,G,3.4,1.0
56.66595713,-2.29643747,B,-0.1975961538461539,24693.029699168907
357.26767952,-27.36635721,K,3.51,0.74
46.24091793,-8.20896912,F,2.52,2.95
37.81289576,-12.67350005,K,-0.6808563273073253,0.22362696511302643
68.73636275,4.63774948,F,1.7449286314021815,2.6843617841590257
60.21687463,-0.27071606,B,-0.1975961538461539,24693.029699168907
9.25812082,-24.35260071,A,-1.04,142.64
61.92807517,0.71093425,F,1.7449286314021815,2.6843617841590257
39.04824014,-12.05991243,A,0.9189775051124738,13.275911018388857
347.49229737,-29.00186916,G,2.38,2.4
7.4479799,-24.89043402,F,1.7449286314021815,2.6843617841590257
36.31459038,-13.44935692,B,-0.1975961538461539,24693.029699168907
32.75110205,-15.19228312,F,1.61,6.2
26.8716813,-17.8785417,K,-0.6808563273073253,0.22362696511302643
1.2206944,-26.51970503,F,1.7449286314021815,2.6843617841590257
83.83872866,12.80755634,K,3.78,0.54
62.03591018,0.75515326,A,0.9189775051124738,13.275911018388857
348.47806244,-28.88599494,K,-0.28,16.39
68.60960292,4.52725772,K,3.62,0.46
65.49202737,2.73080217,K,4.65,0.13
333.54436988,-30.05997977,G,1.5541858141858127,1.4605227901814972
78.61657879,10.06122501,B,-0.1975961538461539,24693.029699168907
324.7841534,-29.95695963,G,-2.23,106.46
347.55744393,-29.02812631,K,-0.6808563273073253,0.22362696511302643
70.79016592,5.74123245,B,-0.1975961538461539,24693.029699168907
46.01074451,-8.41676037,A,1.81,10.53
54.10835722,-3.86569998,G,1.5541858141858127,1.4605227901814972
61.2721699,0.26922271,O,-1.0,80976.42962657007
70.78979499,5.73710993,A,0.9189775051124738,13.275911018388857
38.57825978,-12.37058184,K,-0.03,15.62
67.85008634,4.06043333,K,-0.6808563273073253,0.22362696511302643
65.718995,2.831393,M,-1.2799270072992703,0.021972455607761267
73.79010807,7.40420769,G,2.4,3.0
71.99168458,6.39454281,A,0.9189775051124738,13.275911018388857
345.51654605,-29.28903997,G,1.5541858141858127,1.4605227901814972
74.72282917,7.90566744,B,-0.1975961538461539,24693.029699168907
67.57932458,3.87381929,M,6.5,0.021972455607761267
69.86855725,5.17334695,G,1.5541858141858127,74.59
79.99667338,10.75036601,K,-3.34,193.04
36.60874629,-13.41895908,B,-1.33,299.35
355.96615992,-27.71892669,K,-0.6808563273073253,0.22362696511302643
60.40652593,-0.29182485,B,-0.1975961538461539,24693.029699168907
81.32070494,11.43754426,K,-0.6808563273073253,0.22362696511302643
345.61642351,-29.2997844,F,1.19,10.63
44.47461017,-9.32393284,G,1.5541858141858127,1.4605227901814972
337.52542889,-29.95538121,B,-0.1975961538461539,24693.029699168907
18.3126625,-21.44279583,K,-0.6808563273073253,0.22362696511302643
339.87990623,-29.81785169,F,2.54,2.88
343.9575836,-29.47724569,K,-0.6808563273073253,0.22362696511302643
73.95086175,7.45073675,A,0.9189775051124738,13.275911018388857
43.05764544,-10.09954502,G,1.5541858141858127,1.36
32.27835401,-15.55188898,K,-0.6808563273073253,0.22362696511302643
64.07519297,1.81829758,A,0.9189775051124738,13.275911018388857
328.6387865,-30.10944696,G,1.5541858141858127,1.4605227901814972
70.26617882,5.3658011,K,-0.6808563273073253,0.22362696511302643
8.2507401,-24.78738087,B,-1.32,277.44
358.58365979,-27.21739624,K,-0.6808563273073253,0.22362696511302643
99.86329948,20.02495478,F,0.5,29.68
102.01220046,20.86371797,A,1.57,10.51
328.91413274,-30.12088578,F,2.03,4.2
99.60925535,19.91958655,G,-0.95,30.7
68.62371949,4.41050976,K,-0.6808563273073253,0.22362696511302643
95.76543661,18.31981125,F,2.43,4.1
84.70151271,13.13723973,F,1.39,8.38
352.78041466,-28.33505591,K,-0.86,28.09
55.17483062,-3.37994508,G,1.5541858141858127,1.4605227901814972
94.81226846,17.90036927,K,-1.15,40.92
35.44921004,-14.07417384,G,2.72,1.63
24.95245104,-18.87770463,K,-0.6808563273073253,0.22362696511302643
52.33219517,-5.02989269,F,2.16,4.3
44.6390362,-9.32409622,B,-0.1975961538461539,24693.029699168907
61.36955059,0.181813,K,-0.72,28.73
90.89809844,16.12219179,F,0.21,22.43
48.72601018,-7.08112792,K,-6.13,2948.48
77.76589979,9.47620173,A,0.7,31.96
67.3909466,3.65818763,O,-1.0,80976.42962657007
79.36239838,10.32815648,K,-2.03,72.64
111.69881152,24.18563092,K,-2.75,144.16
72.22456077,6.40356634,K,-0.6808563273073253,0.22362696511302643
78.32013647,9.76384587,K,-1.86,73.74
87.43849658,14.45949286,F,2.52,2.21
13.09136194,-23.36179959,K,-1.26,39.2
57.71272023,-1.96664503,F,1.6,8.4
59.04800425,-1.19249949,B,-0.1975961538461539,24693.029699168907
20.64946314,-20.66987963,K,-1.45,58.97
313.33203855,-28.96460465,G,2.44,2.41
67.31934796,3.58558092,M,5.37,0.06
87.23001758,14.34267083,K,-3.39,352.28
15.5344813,-22.56233883,F,1.56,7.56
68.80899663,4.4331172,F,2.19,3.86
28.28846479,-17.51397071,K,-0.6808563273073253,0.22362696511302643
41.87806625,-10.8764594,K,-0.6808563273073253,0.22362696511302643
76.69906964,8.84785779,F,0.55,17.17
57.27726627,-2.26372673,B,-0.1975961538461539,24693.029699168907
18.91469226,-21.36552469,F,1.9,7.34
0.24772089,-26.95232044,G,1.5541858141858127,1.4605227901814972
24.14368719,-19.31547668,M,-1.2799270072992703,0.021972455607761267
83.22650052,12.30704172,K,-2.21,130.92
48.62972611,-7.22343998,K,-0.6808563273073253,0.22362696511302643
68.09533286,3.98562028,K,-1.87,71.91
38.06689673,-12.88453043,A,0.9189775051124738,13.275911018388857
50.69713087,-6.06682464,A,0.9189775051124738,13.275911018388857
73.87828127,7.26389649,A,0.27,48.54
45.63128268,-8.88993833,F,2.55,2.11
63.13354757,1.10950966,F,1.7449286314021815,2.6843617841590257
75.83985865,8.35115234,A,0.9189775051124738,13.275911018388857
77.63313216,9.33203669,B,0.75,41.12
84.14910198,12.76480673,F,2.38,3.33
55.04246656,-3.59382006,G,1.92,4.04
52.13998911,-5.26086691,K,-0.6808563273073253,0.22362696511302643
61.38986183,0.08082694,F,2.05,6.35
70.69301419,5.45376022,A,0.9189775051124738,13.275911018388857
78.1597604,9.60184639,F,2.61,2.24
28.69873201,-17.39651868,F,1.7449286314021815,2.6843617841590257
345.31285264,-29.45359276,F,2.69,2.28
350.1725492,-28.8428401,G,1.5541858141858127,1.4605227901814972
10.71169382,-24.21358802,A,0.9189775051124738,13.275911018388857
100.5773302,20.2372257,F,-0.72,73.32
65.36751642,2.35601284,G,1.5541858141858127,1.4605227901814972
107.43781916,22.76971424,F,1.7449286314021815,2.6843617841590257
65.21756631,2.25553003,B,-0.1975961538461539,24693.029699168907
92.89326817,16.94880262,M,-1.2799270072992703,0.021972455607761267
56.00773676,-3.10512659,F,1.48,8.55
104.57515659,21.74843828,K,-1.22,41.1
37.2956011,-13.37685587,K,-0.6808563273073253,0.22362696511302643
74.253295,7.39450974,B,-0.1975961538461539,24693.029699168907
324.75858475,-30.06483083,K,-0.6808563273073253,0.22362696511302643
69.46605028,4.68050368,G,2.92,1.6
74.66094819,7.57534376,M,4.91,0.021972455607761267
10.51274346,-24.33112649,F,1.7449286314021815,2.6843617841590257
56.28019671,-2.97856644,B,-0.1975961538461539,24693.029699168907
13.94184904,-23.24336606,K,-2.28,96.85
82.28897353,11.7344429,F,2.48,2.53
43.4392779,-10.20373398,G,1.5541858141858127,1.4605227901814972
73.74968856,7.09011185,F,1.54,8.27
330.96283082,-30.24123554,G,3.32,1.21
334.2291575,-30.21656886,M,-4.79,0.021972455607761267
8.8309338,-24.86038743,F,1.7449286314021815,2.6843617841590257
327.06636287,-30.17414925,K,0.01,13.24
20.60307621,-20.87845776,G,1.86,4.42
16.75247058,-22.30562771,A,0.9189775051124738,13.275911018388857
31.88279921,-16.06109352,K,-0.82,24.06
23.36047863,-19.79699685,M,-1.2799270072992703,0.021972455607761267
342.56453112,-29.78620852,F,2.32,3.52
30.09799197,-16.89623476,K,-0.6808563273073253,0.22362696511302643
2.7380773,-26.50456825,F,1.7449286314021815,2.6843617841590257
49.60398212,-6.87430299,K,-0.72,25.22
47.70385314,-7.94255651,B,-0.1975961538461539,24693.029699168907
66.39464173,2.82953009,B,-0.1975961538461539,24693.029699168907
21.74073618,-20.48401037,G,3.48,0.83
58.55912902,-1.74039716,M,-1.2799270072992703,0.021972455607761267
75.2512285,7.86947782,A,1.77,9.15
33.59365578,-15.30931653,G,-0.97,22.62
342.9192532,-29.78342214,A,1.81,9.68
66.91534079,3.11088584,A,2.01,9.31
96.96544557,18.67997903,F,2.59,3.23
55.76685048,-3.38338383,M,-1.2799270072992703,1859.99
76.56957859,8.58647165,A,2.06,8.02
37.77076671,-13.26411952,A,1.82,5.79
350.60380436,-28.89931791,F,1.7449286314021815,2.6843617841590257
50.4116934,-6.45905047,A,0.9189775051124738,13.275911018388857
355.98695973,-28.00256406,F,2.82,1.94
330.61172837,-30.27816342,G,1.5541858141858127,1.4605227901814972
81.40224957,11.18743107,M,-5.53,0.021972455607761267
332.12971865,-30.28311058,F,1.7449286314021815,2.6843617841590257
65.20902637,2.09966446,B,-0.1975961538461539,24693.029699168907
89.7908024,15.41818253,A,0.26,47.1
72.99412248,6.57418477,B,0.21,138.17
64.37722731,1.61261658,G,1.5541858141858127,1.4605227901814972
4.88581026,-26.02592294,K,-0.6808563273073253,0.22362696511302643
69.41813601,4.53248649,M,-1.2799270072992703,0.021972455607761267
30.48713948,-16.80168365,F,2.8,2.05
17.71637047,-22.05053027,A,0.9189775051124738,13.275911018388857
89.61839629,15.32823444,K,-1.96,77.5
18.70364327,-21.69572053,G,1.49,5.82
40.41675181,-11.94908374,G,1.91,4.14
316.15628347,-29.37961761,F,3.04,1.74
67.26328537,3.24876445,G,0.72,12.58
72.91492789,6.49016767,A,0.9189775051124738,13.275911018388857
46.28505371,-8.83042525,F,1.68,5.26
14.8794583,-23.08505212,K,-0.6808563273073253,0.22362696511302643
105.45635754,22.00968541,K,-0.6808563273073253,0.22362696511302643
53.52017161,-4.75511166,B,-0.1975961538461539,24693.029699168907
23.41978024,-19.90773047,F,1.98,5.07
357.47673667,-27.76239582,O,4.59,0.97
76.45118199,8.45868796,K,-0.6808563273073253,0.22362696511302643
73.46180101,6.78097984,A,0.9189775051124738,13.275911018388857
39.65511446,-12.39558646,K,-0.6808563273073253,0.22362696511302643
44.64350256,-9.75964008,K,-1.3,39.54
96.18371275,18.2963211,G,2.75,2.05
34.67142994,-14.90966704,A,0.71,16.6
11.94661835,-24.07670933,G,1.5541858141858127,1.4605227901814972
61.73706208,-0.01763969,K,-1.63,76.67
39.40781576,-12.55112106,B,-0.1975961538461539,24693.029699168907
45.68139016,-9.21711962,B,-0.1975961538461539,24693.029699168907
11.25727234,-24.30284872,G,3.4,0.94
53.58847057,-4.7717441,A,0.9189775051124738,13.275911018388857
8.60733524,-25.09729697,F,1.7449286314021815,2.6843617841590257
12.73695005,-23.84210561,A,0.9189775051124738,13.275911018388857
22.13525075,-20.48021793,F,2.27,4.05
48.42714155,-7.71054704,G,3.33,1.3
75.8821674,8.09298308,K,-1.26,44.35
42.89270442,-10.746327,K,-0.6808563273073253,0.22362696511302643
59.03050331,-1.63134649,K,-0.6808563273073253,0.22362696511302643
48.42811253,-7.72487014,K,-0.6808563273073253,0.22362696511302643
95.16174054,17.82365718,F,1.7449286314021815,2.6843617841590257
67.04667371,3.0346459,A,1.79,13.28
19.61765499,-21.47742877,K,-0.6808563273073253,0.22362696511302643
40.9287962,-11.80888024,K,-0.6808563273073253,0.22362696511302643
23.05359809,-20.14337407,F,0.11,22.39
63.90538264,1.19718929,G,3.25,1.15
341.26899364,-30.00733965,A,1.43,15.2
25.88716413,-18.97958829,B,-0.1975961538461539,24693.029699168907
26.72123484,-18.62912407,A,1.64,12.8
16.13150515,-22.74980902,K,-0.6808563273073253,0.22362696511302643
113.94126732,24.78539319,F,1.64,8.64
63.76834837,1.10231644,A,0.14,98.96
19.45201702,-21.55897964,K,-0.6808563273073253,0.22362696511302643
38.78639298,-12.94410438,F,1.7449286314021815,2.6843617841590257
57.1201792,-2.79802613,A,1.74,12.86
359.20215276,-27.49809424,F,1.7449286314021815,2.6843617841590257
51.44209806,-6.07841177,F,1.79,6.07
93.87222779,17.22206614,K,-5.13,1197.99
102.43107203,20.82928632,G,-1.55,65.54
59.51927509,-1.41804484,K,-0.6808563273073253,0.22362696511302643
72.47048758,6.10973658,K,-0.6808563273073253,0.22362696511302643
4.45310321,-26.29758865,F,1.7449286314021815,2.6843617841590257
26.98567296,-18.56887944,A,0.9189775051124738,13.275911018388857
92.00613563,16.3485012,G,3.05,1.55
77.21661674,8.76164986,G,1.5541858141858127,1.4605227901814972
71.98493407,5.81609491,A,0.9189775051124738,13.275911018388857
339.70146749,-30.14597883,A,1.14,20.71
58.33321071,-2.13854996,B,-0.1975961538461539,24693.029699168907
5.53950571,-26.04028128,M,-1.2799270072992703,0.021972455607761267
353.04266625,-28.68678767,F,1.7449286314021815,2.6843617841590257
106.51020733,22.33736902,F,1.67,8.0
61.47689615,-0.31456629,G,1.5541858141858127,1.4605227901814972
354.20996832,-28.49751932,F,1.7449286314021815,2.6843617841590257
14.4428869,-23.40621345,K,3.2,0.66
356.77160191,-28.04025684,K,3.83,0.54
56.00025863,-3.54395263,F,1.31,11.52
50.54984967,-6.676404,B,0.34,67.35
66.51394333,2.60501053,F,1.7449286314021815,2.6843617841590257
49.07100067,-7.52246973,F,-3.56,396.41
358.65491395,-27.68470693,K,-0.65,24.04
2.29843786,-26.88847217,F,1.7449286314021815,2.6843617841590257
51.63012746,-6.08410507,K,-0.6808563273073253,0.22362696511302643
314.01511185,-29.15106957,G,1.5541858141858127,1.4605227901814972
24.39523522,-19.74360155,M,-1.2799270072992703,0.021972455607761267
61.46031069,-0.37993009,B,-0.1975961538461539,24693.029699168907
89.30737425,15.0113003,K,-0.6808563273073253,0.22362696511302643
349.34659364,-29.27265341,G,3.64,0.77
88.59189181,14.65935963,F,1.17,11.18
42.88800901,-10.94695906,M,-1.2799270072992703,0.021972455607761267
37.90218571,-13.54992552,B,-0.1975961538461539,24693.029699168907
1.91923818,-26.99910944,G,1.5541858141858127,1.4605227901814972
28.30121667,-18.10484931,G,1.5541858141858127,1.4605227901814972
52.90274846,-5.38736637,F,0.84,13.59
66.53449644,2.56686179,G,0.97,6.66
58.90432822,-1.90815025,B,-0.1975961538461539,24693.029699168907
65.30487675,1.84251896,B,-0.1975961538461539,24693.029699168907
50.07770382,-7.00920949,G,1.5541858141858127,107.85
59.47684931,-1.57871493,K,-0.6808563273073253,0.22362696511302643
310.74678668,-28.66053279,K,-0.6808563273073253,0.22362696511302643
56.21479058,-3.49034242,G,1.5541858141858127,1.4605227901814972
70.42215246,4.81297915,F,1.54,7.41
56.90298072,-3.09230526,B,-0.1975961538461539,24693.029699168907
55.78792119,-3.74886218,B,1.86,12.7
0.10101212,-27.43258411,F,1.7449286314021815,2.6843617841590257
349.10274154,-29.33488227,M,-1.2799270072992703,0.021972455607761267
71.95605051,5.67564362,A,0.9189775051124738,13.275911018388857
336.23471129,-30.37124488,K,-0.6808563273073253,0.22362696511302643
28.13182458,-18.22698212,K,-0.6808563273073253,0.22362696511302643
68.8087954,3.8514834,B,-0.1975961538461539,24693.029699168907
80.13390648,10.23746502,A,0.9189775051124738,13.275911018388857
89.68136919,15.15346413,K,-0.6808563273073253,0.22362696511302643
32.18522613,-16.39764625,F,1.7449286314021815,2.6843617841590257
49.98614047,-7.11396776,K,-2.13,120.42
85.48876253,13.04911484,K,-0.6808563273073253,0.22362696511302643
345.27231058,-29.79517684,K,-3.41,336.99
35.48724213,-14.83465221,A,0.9189775051124738,13.275911018388857
54.30299936,-4.66573119,A,0.89,33.13
320.73409136,-29.93809194,F,1.5,9.66
354.43699402,-28.56479396,G,4.05,0.46
56.48254478,-3.4029022,A,0.9189775051124738,51.64
350.75834429,-29.14409809,M,-1.2799270072992703,0.021972455607761267
78.39119498,9.25260201,B,-0.1975961538461539,24693.029699168907
29.53352892,-17.6588846,K,-1.66,57.47
57.59995226,-2.76892504,A,0.9189775051124738,13.275911018388857
65.75833007,2.01958473,K,-0.44,15.97
10.04678834,-24.94604347,A,1.64,8.98
86.82793999,13.70496511,B,0.52,123.76
54.42683698,-4.6222029,A,0.9189775051124738,13.275911018388857
12.130391,-24.31699435,K,-0.6808563273073253,0.22362696511302643
68.12879482,3.39601255,B,-0.1975961538461539,24693.029699168907
325.27117615,-30.2716339,G,3.51,0.85
334.97553582,-30.43780039,F,2.28,3.53
63.91347229,0.91302591,G,2.03,3.75
47.02345844,-8.84884517,A,0.81,19.63
317.5488078,-29.62864171,A,1.54,21.21
83.33120522,11.88055711,K,-0.6808563273073253,0.22362696511302643
98.26184011,19.02571108,F,2.21,3.14
11.74591994,-24.46117238,F,1.7449286314021815,7.42
57.07289001,-3.11751874,F,1.7449286314021815,2.6843617841590257
90.18724421,15.34526035,G,2.98,1.6
342.98189002,-30.0478384,K,-0.6808563273073253,0.22362696511302643
31.39736142,-16.86596772,K,-0.6808563273073253,0.22362696511302643
63.11615372,0.41821965,O,-1.0,80976.42962657007
25.98865318,-19.25943342,K,-0.6808563273073253,0.22362696511302643
19.96762607,-21.66170482,A,0.9189775051124738,13.275911018388857
7.35595851,-25.7555463,K,-0.6808563273073253,0.22362696511302643
53.03313155,-5.48100292,F,2.07,5.46
53.1044667,-5.44468894,G,1.5541858141858127,1.4605227901814972
27.85150025,-18.47273832,M,-1.2799270072992703,0.021972455607761267
75.95238523,7.83628549,F,2.68,2.44
64.6635254,1.30847593,A,0.59,36.37
6.57810902,-25.98109798,G,1.5541858141858127,1.4605227901814972
333.61492417,-30.48404967,A,0.9189775051124738,13.275911018388857
7.46488427,-25.74719893,K,3.91,0.46
62.02087325,-0.26063945,A,0.9189775051124738,13.275911018388857
321.42430182,-30.02683258,A,0.22,49.01
322.59735221,-30.12341802,A,1.6,11.01
339.00590188,-30.33549062,G,1.5541858141858127,1.4605227901814972
95.63888505,17.85283874,K,-3.4,221.03
64.70429774,1.30013796,G,3.37,1.23
73.45332474,6.38571838,G,1.5541858141858127,180.44
353.3876799,-28.827156,K,-1.14,33.47
330.14425088,-30.4812443,K,-0.6808563273073253,0.22362696511302643
345.28898973,-29.87978551,F,1.7449286314021815,2.6843617841590257
114.86886269,25.00750363,K,-1.34,45.17
65.37266359,1.6729037,F,2.05,4.47
318.12056137,-29.71506482,F,1.7449286314021815,2.6843617841590257
38.67144036,-13.4151916,B,-0.1975961538461539,24693.029699168907
2.20222779,-27.11987364,G,2.66,2.23
77.14813938,8.43817172,A,0.9189775051124738,13.275911018388857
342.37106883,-30.15209342,G,3.25,1.1
33.43340681,-16.0183785,A,0.9189775051124738,13.275911018388857
46.21971102,-9.43215995,F,3.33,1.18
103.64459161,21.16717048,F,1.56,7.32
3.23515153,-26.90315065,G,1.5541858141858127,1.4605227901814972
68.76042649,3.61596444,A,0.9189775051124738,13.275911018388857
10.23255744,-25.035656,F,1.7,7.17
42.35502222,-11.54164616,F,0.18,24.3
73.65527946,6.44242065,B,-0.1975961538461539,24693.029699168907
7.605991,-25.7908252,G,3.06,1.39
19.99316009,-21.77684794,F,1.7449286314021815,2.6843617841590257
54.17861861,-4.95453737,G,1.5541858141858127,1.4605227901814972
29.10311334,-18.05224511,F,1.36,9.12
347.97672295,-29.63641079,M,-1.2799270072992703,0.021972455607761267
58.33701146,-2.54056671,B,-0.1975961538461539,24693.029699168907
331.38830006,-30.53442116,F,2.06,3.72
36.11913364,-14.77033969,G,1.5541858141858127,1.4605227901814972
336.60522257,-30.48188236,K,-0.6808563273073253,0.22362696511302643
29.76145309,-17.77786036,A,2.34,4.56
329.17537282,-30.50135016,K,-4.32,555.69
46.89580311,-9.13212382,F,2.03,4.8
64.60940075,1.125626,B,-0.1975961538461539,24693.029699168907
63.44474616,0.43384628,G,-1.44,61.13
340.3009437,-30.33275888,K,-0.6808563273073253,0.22362696511302643
334.10490763,-30.54571854,F,1.33,9.29
79.16406254,9.48552463,K,-0.6808563273073253,0.22362696511302643
8.41381566,-25.62315552,G,1.5541858141858127,1.4605227901814972
79.16013033,9.47788845,K,-0.6808563273073253,0.22362696511302643
67.66311511,2.89264875,F,4.3,0.3
326.24718861,-30.40324402,K,-2.42,109.08
337.93739915,-30.46450855,A,1.89,10.23
77.9143395,8.77422746,F,1.7449286314021815,2.6843617841590257
346.56464145,-29.83764753,A,0.9189775051124738,13.275911018388857
68.24925628,3.2274753,B,-0.1975961538461539,24693.029699168907
39.77205913,-13.00463239,K,-0.6808563273073253,0.22362696511302643
32.72310353,-16.48590902,M,-1.2799270072992703,0.021972455607761267
87.70952824,13.97559794,K,-0.6808563273073253,0.22362696511302643
19.24952737,-22.1490479,K,-0.6808563273073253,0.22362696511302643
347.91146713,-29.70089036,F,2.16,5.33
336.01288777,-30.5394074,F,1.67,6.02
30.47664286,-17.5395274,K,-2.07,75.46
353.82732497,-28.88409774,K,-1.21,40.2
70.89631238,4.74196648,M,-1.2799270072992703,0.021972455607761267
82.06052482,11.01221817,K,-0.6808563273073253,0.22362696511302643
22.80968622,-20.81671408,F,2.39,3.35
329.4447724,-30.54238363,B,0.98,41.75
351.37436903,-29.2679715,M,-1.2799270072992703,0.021972455607761267
55.39605795,-4.38621125,K,-1.51,48.42
31.81382392,-16.95226196,A,0.9189775051124738,13.275911018388857
347.2562309,-29.79426839,G,1.5541858141858127,1.4605227901814972
17.99788506,-22.63722223,B,-0.1975961538461539,24693.029699168907
66.00935096,1.85997358,A,0.9189775051124738,13.275911018388857
5.61250496,-26.43849799,F,2.91,1.84
330.36963612,-30.56830321,G,1.5541858141858127,1.4605227901814972
337.41665289,-30.5136047,G,2.18,3.17
46.8311865,-9.2767855,B,-0.1975961538461539,24693.029699168907
334.33857468,-30.5858492,A,1.45,11.67
71.2688721,4.92728685,A,-0.15,162.36
19.15104904,-22.23966142,A,0.9189775051124738,13.275911018388857
335.85422225,-30.5675509,B,-0.64,519.62
93.80181488,16.89489433,F,1.72,5.88
13.98703527,-24.02638813,G,1.5541858141858127,1.4605227901814972
25.77467744,-19.64820673,A,0.9189775051124738,13.275911018388857
338.64068356,-30.47950228,G,1.9,3.3
52.64180073,-6.02756634,F,2.28,4.92
77.88288899,8.68008153,K,-1.67,70.65
26.76217085,-19.24940746,B,-0.1975961538461539,24693.029699168907
66.67282897,2.2081081,A,0.14,83.56
25.310436,-19.8622071,B,-0.1975961538461539,24693.029699168907
325.25285921,-30.38655814,G,2.12,3.32
69.80050667,4.03739348,A,1.78,17.7
319.51198569,-29.92334692,G,3.57,0.79
66.19764155,1.90828328,O,-1.0,80976.42962657007
346.0528162,-29.9629839,K,-0.6808563273073253,0.22362696511302643
55.04816233,-4.66730237,A,0.9189775051124738,13.275911018388857
322.16016391,-30.1726414,K,-0.6808563273073253,0.22362696511302643
57.9106048,-2.99665463,B,-0.1975961538461539,24693.029699168907
68.53880872,3.27620146,K,-7.88,0.22362696511302643
73.57240388,6.20445133,M,-5.89,0.021972455607761267
7.70073693,-25.95216643,G,1.5541858141858127,1.4605227901814972
344.41157877,-30.12815941,A,0.9189775051124738,13.275911018388857
321.11500605,-30.08528242,G,3.15,1.07
75.21561804,7.13282596,B,-3.23,2584.67
86.22984341,13.13652844,K,-1.72,62.31
87.07006111,13.56515376,A,0.44,39.66
15.46192113,-23.61023233,K,-0.6808563273073253,0.22362696511302643
100.88805939,19.9722119,A,0.57,24.62
357.77665049,-28.27462126,A,1.15,19.11
70.30980652,4.28653293,G,3.61,0.52
59.25101239,-2.24448413,G,-1.84,84.99
14.57532261,-23.91229235,K,2.48,2.06
332.49554781,-30.63804784,K,-0.45,20.88
323.43119173,-30.28607118,M,-1.2799270072992703,0.021972455607761267
3.69181236,-27.01049002,F,2.29,3.71
338.02357518,-30.54970055,A,0.51,42.62
57.61818546,-3.22222942,A,0.32,43.38
13.36411391,-24.32262624,G,1.5541858141858127,1.4605227901814972
47.74264505,-8.90851234,A,1.55,10.84
29.82701372,-18.00055458,F,2.23,4.59
72.8144344,5.71864963,M,-1.2799270072992703,0.021972455607761267
69.20983703,3.61642119,B,-0.1975961538461539,24693.029699168907
90.59880375,15.30600858,A,0.29,43.22
83.86599454,11.86941698,F,1.98,5.71
35.52243805,-15.33985935,A,-0.64,60.44
340.29933422,-30.45441176,K,-0.6808563273073253,0.22362696511302643
81.83304267,10.77237757,K,4.14,0.29
305.2834844,-27.66123681,F,1.7449286314021815,2.6843617841590257
57.48547018,-3.33606363,K,0.17,45.4
352.74779135,-29.17814327,F,2.34,3.9
332.0345486,-30.65539982,F,1.84,4.64
40.59971743,-12.80495097,A,0.81,28.12
61.44170448,-1.00830229,A,1.48,31.1
45.95338618,-9.93937124,A,2.24,4.32
83.28771391,11.53898943,G,-1.89,73.47
352.37394301,-29.24089877,F,1.7449286314021815,2.6843617841590257
0.2929513,-27.81552996,G,2.8,1.87
43.39269854,-11.33275574,G,4.49,0.23
101.16380151,20.05911175,K,-0.6808563273073253,0.22362696511302643
54.74600411,-4.96667503,B,-0.1975961538461539,24693.029699168907
82.54166368,11.12561377,K,-0.6808563273073253,0.22362696511302643
44.42650235,-10.79546451,A,0.9189775051124738,13.275911018388857
60.13662152,-1.80566266,B,-0.1975961538461539,24693.029699168907
330.57478738,-30.64796199,F,1.45,10.65
49.13532586,-8.19756217,F,2.49,2.92
37.23690461,-14.55240336,G,3.06,1.14
115.23838182,25.06549298,F,2.76,2.17
110.91785148,23.69497968,K,-0.6808563273073253,0.22362696511302643
59.72352409,-2.06625428,B,-1.48,963.2
358.72200246,-28.16790046,B,-0.1975961538461539,24693.029699168907
64.1183194,0.53610447,B,-0.1975961538461539,24693.029699168907
74.32614541,6.51825502,G,2.68,2.75
3.25354897,-27.203306,F,1.7449286314021815,2.6843617841590257
13.26965377,-24.44583077,A,1.33,37.56
5.10402397,-26.75706101,G,1.5541858141858127,1.4605227901814972
100.5572318,19.78351588,G,1.5541858141858127,1.4605227901814972
37.62279964,-14.40440641,K,-3.84,366.28
359.63205867,-28.00802163,F,1.7449286314021815,2.6843617841590257
97.96179409,18.66637297,G,-1.56,58.03
322.2469826,-30.23111589,F,1.43,7.58
1.73585931,-27.56537758,K,-0.6808563273073253,0.22362696511302643
15.92806624,-23.59339863,K,-2.15,81.93
355.08952043,-28.86651086,M,4.54,0.13
341.89838137,-30.41651162,K,-0.6808563273073253,0.22362696511302643
52.06183594,-6.60018374,K,-0.6808563273073253,0.22362696511302643
61.78620859,-0.90365692,F,1.7449286314021815,2.6843617841590257
48.47776159,-8.64398398,A,1.15,21.52
4.97969524,-26.81393912,B,-0.1975961538461539,24693.029699168907
55.50453139,-4.61656052,K,4.43,0.43
81.24768171,10.36014043,F,1.31,10.62
31.06346896,-17.59401678,K,-0.6808563273073253,0.22362696511302643
5.05995666,-26.80666218,G,1.5541858141858127,1.4605227901814972
353.33344255,-29.17207976,G,1.5541858141858127,1.4605227901814972
38.49218255,-14.01821717,G,4.26,0.36
338.82165342,-30.60161385,F,2.55,2.62
75.40933852,7.07049636,G,1.5541858141858127,2.47
12.50629294,-24.74334303,B,-0.1975961538461539,24693.029699168907
9.46795523,-25.64610606,G,1.5541858141858127,1.4605227901814972
43.58275873,-11.37814655,K,-0.6808563273073253,0.22362696511302643
357.5519062,-28.46614913,F,1.24,7.87
70.46265254,4.18777224,A,0.9189775051124738,13.275911018388857
61.2445888,-1.27494553,K,-0.6808563273073253,0.22362696511302643
60.18128171,-1.90637181,B,-0.1975961538461539,24693.029699168907
357.11596346,-28.55393604,G,2.81,1.73
24.98277318,-20.26997388,K,-0.6808563273073253,0.22362696511302643
60.09895975,-1.96294409,F,1.7449286314021815,2.6843617841590257
63.94696373,0.3219595,F,1.7449286314021815,2.6843617841590257
18.51038362,-22.76216487,A,0.9189775051124738,13.275911018388857
59.49503631,-2.32680996,G,1.68,4.77
84.19228875,11.90712699,F,2.47,3.53
350.30077023,-29.63792241,G,1.5541858141858127,1.4605227901814972
28.90260493,-18.6205691,F,1.44,6.34
84.30024357,11.96248749,K,-0.6808563273073253,36.08
74.53299903,6.5347632,A,0.9189775051124738,13.275911018388857
354.09924231,-29.08801646,K,-0.6808563273073253,0.22362696511302643
28.13906655,-18.96321072,K,-1.4,40.53
21.69906477,-21.60004,M,-1.2799270072992703,0.021972455607761267
74.38194588,6.4392592,K,-0.6808563273073253,0.22362696511302643
59.39774115,-2.40722517,G,2.12,3.43
62.89773206,-0.32913616,B,-0.1975961538461539,24693.029699168907
356.04040159,-28.77953062,F,1.63,6.22
41.52829006,-12.53501127,K,-0.6808563273073253,0.22362696511302643
67.12892478,2.16765195,A,2.0,5.48
67.13201738,2.16930619,F,-0.83,84.01
2.63447388,-27.45564007,G,1.5541858141858127,1.4605227901814972
26.06755593,-19.87499098,A,-1.19,104.99
29.75267373,-18.28646186,F,1.85,5.97
347.51831217,-29.99565557,F,0.75,14.09
27.7607373,-19.17073667,K,-3.93,270.97
23.63722119,-20.88153544,G,1.5541858141858127,1.4605227901814972
62.92304442,-0.34902752,A,0.9189775051124738,13.275911018388857
2.80916994,-27.43141233,K,-2.04,85.37
359.10317358,-28.22605308,K,-0.6808563273073253,0.22362696511302643
70.99634576,4.42843386,G,2.08,3.88
47.16411153,-9.51564421,A,0.58,29.03
342.40476514,-30.46157547,K,-0.6808563273073253,0.22362696511302643
44.98981127,-10.72505139,G,1.5541858141858127,1.4605227901814972
12.19262361,-24.93722739,K,-0.6808563273073253,0.22362696511302643
0.02839762,-28.05245472,A,0.62,72.82
75.98651973,7.30555557,B,0.32,125.47
93.98056342,16.77769311,A,1.32,16.85
72.54112865,5.29126005,A,1.5,9.5
58.37242191,-3.10836372,A,0.5,40.86
1.65431695,-27.73218173,K,-0.6808563273073253,0.22362696511302643
67.56033722,2.35270333,A,0.9189775051124738,13.275911018388857
352.21726641,-29.44783415,A,0.9189775051124738,13.275911018388857
80.99286259,10.09155416,B,-0.1975961538461539,24693.029699168907
55.7172681,-4.67820689,G,2.12,3.97
60.98356682,-1.56568311,B,-0.1975961538461539,24693.029699168907
67.65330593,2.4005937,B,-0.1975961538461539,24693.029699168907
339.80562601,-30.63820348,G,1.5541858141858127,1.4605227901814972
41.41823304,-12.68776044,A,0.75,28.13
93.40698828,16.48622939,G,1.5541858141858127,1.4605227901814972
65.66894312,1.21629629,F,1.7449286314021815,2.6843617841590257
61.88454917,-1.03868744,A,0.9189775051124738,13.275911018388857
30.35494564,-18.10360562,F,1.58,7.77
50.32611112,-7.8158384,G,2.45,2.25
38.00941331,-14.457865,K,-0.6808563273073253,0.22362696511302643
64.56060047,0.5430115,G,2.86,1.59
16.47091587,-23.61158921,F,1.2,8.05
340.90420131,-30.59468045,K,-1.42,48.83
65.6785717,1.20262543,A,0.9189775051124738,13.275911018388857
85.44040878,12.47043063,A,1.51,15.07
81.80681783,10.51257154,B,-0.1975961538461539,3086.69
357.77778006,-28.5500115,G,1.5541858141858127,1.4605227901814972
29.85189805,-18.35396527,K,-2.33,102.21
85.7008406,12.601792,A,1.66,20.37
67.74442404,2.42131149,B,-0.1975961538461539,24693.029699168907
46.66898527,-9.89605864,G,2.96,1.59
53.55795968,-5.98451083,K,1.29,13.14
99.80943169,19.36388338,K,4.05,0.38
86.55784017,13.04358849,A,1.63,16.37
21.92293091,-21.66813706,K,-1.81,68.11
336.90670749,-30.77103439,K,-0.6808563273073253,0.22362696511302643
65.70057961,1.18360256,F,1.7449286314021815,2.6843617841590257
347.22481124,-30.10997494,K,-0.6808563273073253,0.22362696511302643
49.23078676,-8.49322532,B,-0.1975961538461539,24693.029699168907
64.71192336,0.58522862,K,-3.17,174.54
71.75686047,4.75809692,K,-3.78,346.89
55.16173645,-5.08726248,F,2.73,2.57
43.86528941,-11.47287553,K,-0.6808563273073253,0.22362696511302643
62.66694382,-0.65053817,B,-0.1975961538461539,24693.029699168907
357.00028217,-28.73602069,G,1.35,5.44
29.42402683,-18.6054269,G,1.5541858141858127,1.4605227901814972
62.66546897,-0.6591685,F,1.7449286314021815,2.6843617841590257
56.48247261,-4.33135058,O,-1.0,80976.42962657007
62.75832093,-0.60938511,M,-1.2799270072992703,0.021972455607761267
67.37259221,2.1387137,K,-0.6808563273073253,0.22362696511302643
332.47227615,-30.82233207,K,-0.6808563273073253,0.22362696511302643
39.38989888,-13.85406412,K,-0.6808563273073253,0.22362696511302643
29.82519862,-18.44947775,K,-0.6808563273073253,0.22362696511302643
24.08193268,-20.88358287,K,-0.6808563273073253,0.22362696511302643
338.06430315,-30.7678447,M,-1.2799270072992703,0.021972455607761267
40.93433163,-13.07261614,F,1.7449286314021815,2.6843617841590257
17.00776786,-23.53084477,K,4.44,0.17
65.66782818,1.09186524,B,-0.1975961538461539,24693.029699168907
55.42974139,-4.99389345,A,0.9189775051124738,13.275911018388857
53.27661058,-6.25383379,A,0.9189775051124738,13.275911018388857
40.6198101,-13.25631102,A,0.9189775051124738,8.92
349.02940591,-29.96346657,A,0.9189775051124738,13.275911018388857
22.65588454,-21.4802341,B,-0.1975961538461539,24693.029699168907
99.13329636,19.02833681,F,1.46,14.06
311.57670717,-28.92916874,K,-0.6808563273073253,0.22362696511302643
56.91150091,-4.14245132,K,-0.6808563273073253,0.22362696511302643
82.0025176,10.52549671,A,0.69,40.84
342.93592535,-30.54170456,G,1.5541858141858127,152.44
54.14479142,-5.77454378,A,0.9189775051124738,13.275911018388857
56.57623706,-4.35436903,B,-0.1975961538461539,24693.029699168907
342.92997551,-30.54550384,A,2.35,7.17
34.94215797,-16.13649567,B,-0.1975961538461539,24693.029699168907
84.61614415,11.93368656,F,0.96,14.74
73.86853688,5.89635342,G,1.5541858141858127,1.4605227901814972
50.88519696,-7.68487306,A,1.86,16.0
8.64936326,-26.168207,A,0.9189775051124738,13.275911018388857
34.63263083,-16.31032716,M,-1.2799270072992703,0.021972455607761267
0.93392062,-28.04244749,F,1.7449286314021815,2.6843617841590257
355.72523417,-29.03728414,K,-0.6808563273073253,0.22362696511302643
14.74061181,-24.35376542,A,0.9189775051124738,13.275911018388857
2.50929012,-27.70656129,K,-0.6808563273073253,0.22362696511302643
96.72235175,17.92930012,F,1.7449286314021815,2.6843617841590257
96.72984799,17.9322914,K,-0.6808563273073253,145.96
69.87274908,3.52439101,B,-0.1975961538461539,24693.029699168907
65.41243855,0.8563456,B,-0.1975961538461539,24693.029699168907
17.84669267,-23.32408854,B,0.65,42.64
15.75036741,-24.04106969,G,1.5541858141858127,1.4605227901814972
19.96470324,-22.5745149,B,-0.1975961538461539,24693.029699168907
75.84982272,7.00402124,F,2.62,2.18
318.34786405,-29.94068494,A,1.32,25.36
73.75823593,5.78732808,K,-0.6808563273073253,0.22362696511302643
56.66830243,-4.37017756,K,-0.6808563273073253,0.22362696511302643
98.52547961,18.72449854,G,1.5541858141858127,1.4605227901814972
55.81326628,-4.88689278,A,0.9189775051124738,13.275911018388857
346.00869159,-30.34542405,F,1.7449286314021815,2.6843617841590257
63.93567012,-0.06979624,F,1.7449286314021815,2.6843617841590257
81.77168031,10.32008522,B,-1.84,1347.41
73.8589478,5.81541246,G,1.97,2.94
72.66027684,5.10833183,M,-1.2799270072992703,0.021972455607761267
10.83597752,-25.62588482,A,1.89,6.28
26.38385998,-20.11578285,A,0.9189775051124738,30.33
15.51065774,-24.18949435,F,1.79,4.74
63.04522013,-0.63793025,B,-0.1975961538461539,24693.029699168907
10.46609871,-25.74924537,G,2.83,1.69
40.40150719,-13.54560779,K,-0.6808563273073253,0.22362696511302643
311.04654235,-28.85508844,K,-0.6808563273073253,0.22362696511302643
345.11584203,-30.45392528,K,-1.62,62.02
340.97481069,-30.73928559,F,0.77,13.14
21.79885462,-21.96635605,K,-0.6808563273073253,0.22362696511302643
47.32885635,-9.82244613,K,-1.35,44.63
33.56913534,-16.93896973,A,0.9189775051124738,13.275911018388857
77.23624366,7.73274547,B,-0.1975961538461539,24693.029699168907
91.13521629,15.21343116,K,-0.6808563273073253,0.22362696511302643
58.72566836,-3.23192624,B,-0.1975961538461539,24693.029699168907
74.47569195,6.13339351,K,-0.6808563273073253,0.22362696511302643
63.57700757,-0.33870304,B,-0.1975961538461539,24693.029699168907
35.01922724,-16.25856341,F,1.8,5.42
64.69442153,0.31710304,K,-1.95,79.31
2.82199753,-27.73865581,F,1.7449286314021815,2.6843617841590257
322.59983433,-30.41576313,K,-0.6808563273073253,0.22362696511302643
90.55112091,14.90770249,B,-0.92,611.53
37.27462135,-15.17639524,A,0.97,29.72
35.92827026,-15.84268391,K,-0.6808563273073253,0.22362696511302643
354.25535199,-29.38089218,G,1.5541858141858127,1.4605227901814972
359.55064647,-28.443639,G,1.5541858141858127,1.4605227901814972
74.54629133,6.14385566,B,-0.1975961538461539,24693.029699168907
58.04085065,-3.68811193,A,0.99,23.87
44.09803523,-11.6494657,B,-0.75,153.13
71.66867125,4.44573546,G,1.5541858141858127,1.4605227901814972
58.03569178,-3.69862373,A,0.62,25.29
13.99877789,-24.7434191,K,-0.6808563273073253,0.22362696511302643
341.86731567,-30.72378272,G,1.5541858141858127,1.4605227901814972
45.99729418,-10.62868585,A,0.9189775051124738,13.275911018388857
59.75035748,-2.68539243,B,-0.1975961538461539,24693.029699168907
335.36301931,-30.94593944,G,1.5541858141858127,1.4605227901814972
33.27911196,-17.14853945,A,1.81,6.25
61.26803539,-1.78671211,B,-0.46,180.47
38.42333846,-14.64523315,F,2.97,1.58
30.74951575,-18.32412034,F,1.99,4.69
58.87971346,-3.23431858,B,-0.1975961538461539,24693.029699168907
359.17114932,-28.56021703,F,1.7449286314021815,2.6843617841590257
71.38725682,4.23483975,A,1.36,40.25
92.58563907,15.87124102,A,0.88,37.7
78.67973866,8.4733254,A,0.9189775051124738,13.275911018388857
344.15635588,-30.59512924,A,1.35,18.52
76.16260974,7.01822159,B,-1.11,1008.39
7.97925823,-26.55034294,K,-0.6808563273073253,0.22362696511302643
50.51047497,-8.17357016,K,-0.6808563273073253,0.22362696511302643
52.8816957,-6.80889982,K,-0.6808563273073253,0.22362696511302643
20.74748588,-22.49973314,G,3.24,1.09
332.93415133,-30.97576635,A,1.61,10.5
36.7424045,-15.55936634,K,-0.6808563273073253,0.22362696511302643
84.81048463,11.84363148,K,-0.6808563273073253,0.22362696511302643
63.80719421,-0.34163646,A,0.9189775051124738,13.275911018388857
55.01568967,-5.58146716,G,1.5541858141858127,1.4605227901814972
60.0416704,-2.6017287,B,-0.1975961538461539,24693.029699168907
79.7727288,9.05631767,G,1.5541858141858127,1.4605227901814972
70.31994705,3.55061126,B,-0.1975961538461539,24693.029699168907
52.59232884,-7.00182278,G,2.41,2.48
24.45788475,-21.08901865,K,-0.6808563273073253,0.22362696511302643
118.38953217,25.91531203,K,-0.6808563273073253,0.22362696511302643
323.82775389,-30.56175946,A,1.12,22.71
348.5161673,-30.22838142,G,1.5541858141858127,1.4605227901814972
74.23181874,5.84470137,B,-0.1975961538461539,24693.029699168907
76.07458132,6.91700456,A,0.14,46.37
63.47286728,-0.57438413,A,0.46,44.78
343.65356152,-30.67343704,K,0.13,12.96
68.92421219,2.69225926,G,1.5541858141858127,1.4605227901814972
57.83296918,-3.98009069,G,2.25,3.21
83.12673077,10.87791379,K,-0.6808563273073253,0.22362696511302643
90.16162953,14.60096596,K,-0.6808563273073253,0.22362696511302643
13.47677732,-25.04828544,G,3.1,1.4
53.76072049,-6.39045034,F,1.08,9.3
10.57269904,-25.91891765,F,1.7449286314021815,2.6843617841590257
65.02935109,0.31866032,A,0.9189775051124738,13.275911018388857
56.06656492,-5.04638219,B,-0.1975961538461539,24693.029699168907
325.98531243,-30.74232094,F,1.7449286314021815,2.6843617841590257
32.27795684,-17.80341868,K,-4.77,0.22362696511302643
4.41740256,-27.55021846,A,0.9189775051124738,13.275911018388857
69.66912699,3.07262598,K,-4.62,250.08
14.31752431,-24.82150959,G,1.5541858141858127,1.4605227901814972
44.80338203,-11.49446359,K,-0.6808563273073253,0.22362696511302643
45.11131178,-11.32801894,A,0.9189775051124738,13.275911018388857
45.86365726,-10.92728377,K,-0.6808563273073253,0.22362696511302643
349.31645578,-30.20087352,M,-1.2799270072992703,0.021972455607761267
79.26802092,8.67344626,K,-0.6808563273073253,0.22362696511302643
21.67018852,-22.28636546,K,3.35,0.65
47.81290509,-9.85448449,G,-1.58,51.23
327.58929469,-30.85477482,K,-0.6808563273073253,0.22362696511302643
41.99852115,-13.01851648,K,3.49,0.67
52.44755881,-7.21721002,F,1.7449286314021815,2.6843617841590257
48.45622063,-9.5052223,K,-0.6808563273073253,0.22362696511302643
80.29069731,9.24427747,A,0.81,24.38
17.17402238,-23.91269582,K,3.3,0.79
320.4311185,-30.27224575,F,1.7449286314021815,2.6843617841590257
6.05786433,-27.1887777,F,2.98,1.85
359.10603363,-28.71901337,F,1.7449286314021815,2.6843617841590257
67.04824313,1.45719516,B,-0.1975961538461539,24693.029699168907
66.47129229,1.09893303,B,-0.1975961538461539,24693.029699168907
42.01863508,-13.05900525,K,3.68,0.53
73.20269486,5.106549,G,1.6,4.62
328.8081834,-30.93419525,K,-0.6808563273073253,0.22362696511302643
341.70512176,-30.87640899,A,0.9189775051124738,13.275911018388857
69.74968684,3.04957478,F,1.7449286314021815,2.6843617841590257
28.69968137,-19.4915253,F,1.01,12.91
347.60822171,-30.42492816,F,2.37,3.06
69.14548095,2.68177267,K,-0.6808563273073253,0.22362696511302643
48.56016208,-9.50246689,K,-0.6808563273073253,0.22362696511302643
81.98841154,10.15775971,M,-3.98,0.021972455607761267
61.59781861,-1.86984641,B,-0.24,128.09
12.62815033,-25.42681513,B,6.56,1.83
80.30765458,9.20669649,A,1.3,20.28
49.00543874,-9.28072044,K,-0.6808563273073253,0.22362696511302643
76.34741911,6.91968684,K,-1.88,77.62
32.66125469,-17.76084058,B,0.08,152.82
32.65283176,-17.76663554,B,0.51,67.37
60.85634874,-2.34798423,G,1.5541858141858127,1.4605227901814972
64.19392621,-0.34267765,A,1.36,22.02
46.69667957,-10.59617987,A,1.44,21.22
335.7371136,-31.09005517,A,0.46,36.82
25.26599249,-20.99120233,A,0.9189775051124738,13.275911018388857
61.49393432,-1.97619372,K,0.8,6.69
77.19715193,7.39206524,G,3.43,0.86
327.47011628,-30.89045698,B,1.32,21.63
354.12085435,-29.64751775,G,3.84,0.65
7.37835952,-26.94185574,K,3.87,0.46
93.68706549,16.24970131,M,-1.2799270072992703,0.021972455607761267
60.00254605,-2.88709307,K,-0.6808563273073253,0.22362696511302643
40.5461618,-13.91901068,B,-0.07,63.78
18.56664796,-23.54250649,F,2.59,1.96
55.62728794,-5.49566443,B,-0.1975961538461539,24693.029699168907
55.43672021,-5.61974008,G,2.3,3.06
45.43526381,-11.32679937,K,0.12,12.69
72.50253265,4.60886821,G,-3.7,649.12
0.69427284,-28.5012608,G,1.5541858141858127,1.4605227901814972
70.79126195,3.58562122,F,1.7449286314021815,2.6843617841590257
97.34593815,17.97150335,K,-3.61,332.54
93.4992297,16.14409345,M,-5.64,0.021972455607761267
62.1247794,-1.64136825,K,-1.32,50.29
51.66783028,-7.84292786,A,0.9189775051124738,13.275911018388857
81.34523207,9.71713912,F,1.97,4.28
339.94371397,-31.02209828,K,-0.6808563273073253,0.22362696511302643
66.63474791,1.06340646,B,-0.1975961538461539,24693.029699168907
42.5287665,-12.93035374,B,-0.1975961538461539,24693.029699168907
63.13387132,-1.05490058,F,1.99,5.32
84.60462537,11.51742232,A,0.73,42.96
33.80065739,-17.31378765,A,0.9189775051124738,13.275911018388857
74.59650157,5.81395265,A,0.9189775051124738,13.275911018388857
60.92868861,-2.39356331,B,-0.1975961538461539,24693.029699168907
76.7372144,7.06330375,G,2.21,2.36
357.08606678,-29.21485487,F,1.7449286314021815,2.6843617841590257
326.65835417,-30.8686986,F,1.7449286314021815,2.6843617841590257
70.72052918,3.49914578,K,-2.5,142.06
22.47289716,-22.17714868,G,1.5541858141858127,1.4605227901814972
99.28256633,18.82767763,K,-1.7,65.75
43.99909025,-12.17312862,K,4.2,0.24
4.23415217,-27.77989882,A,0.9189775051124738,13.275911018388857
12.56959681,-25.56721939,G,2.89,1.66
96.0467675,17.33756723,G,-0.21,23.32
67.11670854,1.31126721,G,-1.35,43.63
7.66167248,-26.94795429,K,-0.6808563273073253,0.22362696511302643
81.70965193,9.88610604,K,-1.16,48.65
27.38985155,-20.21954822,A,0.9189775051124738,13.275911018388857
43.94755941,-12.22074735,G,2.33,2.42
52.06786026,-7.67349903,M,-1.2799270072992703,0.021972455607761267
66.69741322,1.05245837,B,-0.16,215.33
59.25000331,-3.43821898,K,-0.6808563273073253,0.22362696511302643
54.02970841,-6.53899459,K,-0.6808563273073253,0.22362696511302643
49.93091832,-8.91840418,G,4.26,0.43
15.32202042,-24.73586078,A,0.9189775051124738,13.275911018388857
354.32411669,-29.69899486,G,1.5541858141858127,1.4605227901814972
352.39584385,-29.97598053,K,-0.74,24.82
17.28433338,-24.09054178,K,-2.01,64.61
95.36663311,16.99891963,F,1.81,6.93
51.00189315,-8.31398529,B,-0.1975961538461539,24693.029699168907
39.58418812,-14.54298981,G,1.86,3.51
80.94862378,9.43478754,A,1.17,13.6
33.12550196,-17.70817859,K,-0.6808563273073253,0.22362696511302643
39.95960594,-14.35763323,A,0.9189775051124738,13.275911018388857
338.04525068,-31.12376699,M,-1.2799270072992703,0.021972455607761267
357.96888964,-29.11230341,K,-2.34,90.24
0.08963718,-28.71833314,G,1.5541858141858127,1.4605227901814972
355.55869465,-29.52901054,F,1.7449286314021815,2.6843617841590257
59.70930304,-3.21634503,F,3.16,1.28
46.12641545,-11.09441385,G,1.03,6.58
75.58092541,6.31056414,A,0.9189775051124738,13.275911018388857
34.14600241,-17.25805215,F,0.97,14.07
66.5464789,0.90428535,K,-0.6808563273073253,0.22362696511302643
350.69755887,-30.22287271,A,2.31,4.89
40.67419879,-14.02300482,M,-1.2799270072992703,0.021972455607761267
5.91719461,-27.44462013,F,1.7449286314021815,2.6843617841590257
353.15180735,-29.90269564,K,-0.6808563273073253,0.22362696511302643
91.35041266,14.99891034,G,-1.86,81.07
21.98523112,-22.46128748,F,1.29,11.88
66.01425672,0.56553265,K,-0.6808563273073253,0.22362696511302643
63.75322742,-0.8075048,A,0.9189775051124738,13.275911018388857
344.16182997,-30.87162373,M,-4.08,415.32
11.90422962,-25.86729859,G,3.37,1.02
19.76399201,-23.31107228,K,1.32,4.31
9.78650806,-26.48359782,F,1.42,6.03
92.73328254,15.66451929,F,1.7449286314021815,2.6843617841590257
66.1681856,0.61356885,A,0.87,28.36
23.73454292,-21.8464899,F,1.7449286314021815,2.6843617841590257
86.10455742,12.2089825,A,-0.18,68.03
86.40165684,12.368487,A,0.9189775051124738,13.275911018388857
65.23448777,0.02488999,A,0.9189775051124738,13.275911018388857
75.33289287,6.08636836,K,-4.54,644.02
30.33466028,-19.10625092,K,-0.6808563273073253,0.22362696511302643
43.45739907,-12.659937,M,-1.2799270072992703,0.021972455607761267
75.5290115,6.18663093,B,-0.1975961538461539,24693.029699168907
351.50057785,-30.19181457,F,1.7449286314021815,2.6843617841590257
68.73099455,2.12128268,F,1.7449286314021815,2.6843617841590257
81.07189717,9.38103478,K,-0.6808563273073253,0.22362696511302643
332.44882418,-31.1997854,K,-0.6808563273073253,0.22362696511302643
14.86572554,-25.04232968,G,0.83,8.66
68.09021794,1.71119507,F,1.54,7.14
73.89532116,5.19310932,B,-3.01,2659.18
14.60725022,-25.131729,F,2.11,4.11
85.08070558,11.60914346,M,5.89,0.021972455607761267
81.38219826,9.54231823,A,0.62,31.05
83.23965276,10.58538242,B,-0.1975961538461539,24693.029699168907
91.93180753,15.21099692,K,-6.51,2560.24
38.70755508,-15.19351296,A,0.9189775051124738,13.275911018388857
25.89482344,-21.06437335,A,0.9189775051124738,13.275911018388857
65.9622355,0.39622138,F,1.31,13.74
11.83915335,-25.98817848,M,-1.2799270072992703,0.021972455607761267
22.45657685,-22.42232098,F,2.79,2.54
49.56154935,-9.35314554,G,-1.58,58.57
54.58132418,-6.44900709,B,-0.1975961538461539,24693.029699168907
358.57869662,-29.14032329,F,1.7449286314021815,2.6843617841590257
67.38052606,1.24266431,K,-0.6808563273073253,0.22362696511302643
53.79036885,-6.92358452,K,-3.36,210.4
20.83847302,-23.04494054,A,0.9189775051124738,13.275911018388857
55.16825618,-6.11920863,F,1.7449286314021815,2.6843617841590257
312.45914201,-29.21072548,K,-3.56,281.93
56.25118294,-5.48136091,B,-0.1975961538461539,24693.029699168907
3.78046216,-28.09200269,M,-1.2799270072992703,0.021972455607761267
355.97296935,-29.60311806,K,-0.6808563273073253,0.22362696511302643
355.58654083,-29.66927833,B,-0.1975961538461539,24693.029699168907
2.03217786,-28.48530335,F,1.77,5.47
57.29246894,-4.88790105,F,2.38,2.82
69.27525097,2.35659256,B,0.19,123.34
69.63529308,2.57008383,B,-0.1975961538461539,24693.029699168907
108.81930104,22.65597354,M,-1.2799270072992703,0.021972455607761267
44.35421702,-12.300463,G,2.83,1.56
321.33660194,-30.50157061,G,1.5541858141858127,1.4605227901814972
348.79975671,-30.57480968,G,2.72,1.81
1.95852894,-28.51458499,M,-1.2799270072992703,0.021972455607761267
88.46910926,13.3794131,A,0.77,26.84
10.45630915,-26.44356949,F,1.7449286314021815,2.6843617841590257
342.77986799,-31.06904607,F,1.7449286314021815,2.6843617841590257
50.66339437,-8.80451387,A,1.12,33.67
9.93931308,-26.59537789,G,1.5541858141858127,1.4605227901814972
345.30683745,-30.90483045,M,-1.2799270072992703,0.11
322.69819907,-30.65157634,K,4.09,0.31
27.94198763,-20.30242565,A,0.9189775051124738,13.275911018388857
9.28223102,-26.78208431,G,2.59,2.01
27.94001043,-20.30527645,B,-0.1975961538461539,24693.029699168907
71.01554198,3.36458177,K,-0.6808563273073253,58.37
89.98492166,14.15387305,A,1.5,17.18
343.96121587,-31.01428597,K,-0.6808563273073253,0.22362696511302643
24.98760021,-21.54636542,M,-1.2799270072992703,0.021972455607761267
351.35006673,-30.3178536,F,1.7449286314021815,2.6843617841590257
67.84500505,1.42494338,B,-0.1975961538461539,24693.029699168907
71.63260292,3.7115713,G,-1.8,97.63
330.82810782,-31.21879445,G,1.5541858141858127,1.4605227901814972
106.00660742,21.541471,F,1.56,7.3
49.93177085,-9.29227794,B,-0.1975961538461539,24693.029699168907
57.42842037,-4.90790866,A,0.49,54.0
87.37745043,12.74164609,K,-0.6808563273073253,0.22362696511302643
357.69424838,-29.4005986,F,1.7449286314021815,2.6843617841590257
92.26206633,15.28327496,M,4.17,0.021972455607761267
47.91876378,-10.45356532,B,-0.1975961538461539,24693.029699168907
25.66646525,-21.32423956,K,-1.24,31.14
72.10612107,3.95426773,B,0.98,56.46
13.54288807,-25.63199112,A,0.9189775051124738,13.275911018388857
5.09043117,-27.90732771,A,0.9189775051124738,13.275911018388857
7.24708422,-27.38533674,K,-0.6808563273073253,0.22362696511302643
9.6030825,-26.76979428,K,4.47,0.19
61.47808636,-2.50511806,K,-0.6808563273073253,0.22362696511302643
349.02717187,-30.62571785,K,-0.18,15.91
336.02581704,-31.32649844,K,-0.6808563273073253,0.22362696511302643
18.63819917,-23.98749392,K,-0.6808563273073253,0.22362696511302643
18.27875542,-24.11535605,A,1.02,14.99
23.48032209,-22.21679513,B,-0.1975961538461539,24693.029699168907
68.44234822,1.71247346,K,-0.6808563273073253,0.22362696511302643
67.51788545,1.1503314,G,0.41,15.12
330.63571074,-31.23730712,G,1.5541858141858127,1.4605227901814972
20.91842887,-23.19005528,F,1.7449286314021815,2.6843617841590257
105.34623041,21.25601906,F,0.41,21.96
62.27355423,-2.04965066,F,1.7449286314021815,2.6843617841590257
72.06180768,3.89322075,B,-1.13,774.03
51.61596795,-8.39780454,F,1.8,8.75
69.09855135,2.09914507,B,-0.1975961538461539,24693.029699168907
84.82102214,11.30777402,A,1.39,28.04
41.54477808,-13.97347004,G,1.5541858141858127,1.4605227901814972
349.19370321,-30.63276614,G,2.4,2.54
55.06850747,-6.39472654,A,0.9189775051124738,13.275911018388857
24.79082688,-21.73726961,A,0.9189775051124738,13.275911018388857
66.32093323,0.39276589,F,2.49,3.3
10.43622307,-26.58723329,A,1.42,14.59
46.19706669,-11.48599,K,-0.6808563273073253,0.22362696511302643
61.40606291,-2.60215152,F,1.23,13.16
333.04263924,-31.32333236,M,-1.2799270072992703,0.021972455607761267
78.99893846,7.98491691,B,-0.1975961538461539,24693.029699168907
71.46578522,3.49742418,K,1.82,8.51
48.13130827,-10.43326517,K,-0.6808563273073253,0.22362696511302643
337.94761111,-31.34198791,K,4.66,0.12
79.06841438,8.00742678,B,-0.1975961538461539,24693.029699168907
39.46031295,-15.0989983,K,-0.6808563273073253,0.22362696511302643
14.04552355,-25.56077244,K,-5.73,2202.55
339.53770666,-31.30987079,K,-4.99,724.33
353.56565107,-30.12847265,F,1.7449286314021815,2.6843617841590257
88.32246574,13.17326726,A,0.9189775051124738,13.275911018388857
108.10290986,22.32953055,K,-3.58,265.16
2.95079347,-28.46705017,F,1.7449286314021815,2.6843617841590257
64.87788094,-0.53414678,A,0.59,52.1
59.04671742,-4.07647601,A,0.01,67.53
337.94011673,-31.35411095,K,-0.6808563273073253,0.18
39.67221097,-15.01325136,K,-0.6808563273073253,0.22362696511302643
17.00251989,-24.6357975,A,1.32,10.91
335.20687128,-31.38013429,G,-0.64,22.74
338.39644175,-31.35691732,A,0.6,56.12
57.82672212,-4.83691809,B,-0.1975961538461539,24693.029699168907
28.78833597,-20.16430752,K,-0.6808563273073253,0.22362696511302643
83.74113068,10.64023757,A,1.66,20.25
16.23012122,-24.90896086,F,2.74,2.19
32.08131378,-18.7128043,K,-0.6808563273073253,0.22362696511302643
352.52078003,-30.29733165,K,-0.6808563273073253,0.22362696511302643
56.77805633,-5.47153454,K,-0.6808563273073253,0.22362696511302643
67.42243207,0.98085227,B,0.69,58.98
322.97790077,-30.74614291,G,1.5541858141858127,1.4605227901814972
6.14964565,-27.77097663,K,-0.84,25.39
66.70049694,0.5309751,G,3.43,1.01
67.49416872,1.01466913,B,0.68,71.79
33.73106413,-17.97058853,A,0.92,22.72
62.91340965,-1.78388637,B,-0.1975961538461539,24693.029699168907
6.39343268,-27.72396712,G,2.68,1.99
40.91839174,-14.42745062,A,1.47,19.55
66.61739726,0.46846541,G,3.74,0.54
71.06811991,3.17735192,F,1.02,11.32
75.65385145,5.93141201,B,-1.97,1063.07
10.86150479,-26.56297102,G,1.5541858141858127,1.4605227901814972
343.85315402,-31.15351917,F,1.7449286314021815,2.6843617841590257
15.06750702,-25.31599207,G,2.84,2.11
95.73881314,16.91132572,F,0.05,36.3
47.35830191,-10.97249947,B,-0.1975961538461539,24693.029699168907
16.27998346,-24.93690941,F,1.09,9.68
49.66525943,-9.68000795,G,1.5541858141858127,1.4605227901814972
327.41094614,-31.12965635,G,3.2,1.2
45.31144371,-12.11523089,G,1.5541858141858127,1.4605227901814972
28.81067306,-20.21401592,K,4.66,0.12
75.05261864,5.55071601,K,-0.6808563273073253,0.22362696511302643
61.73235686,-2.53823307,G,2.43,2.53
58.05648017,-4.7644894,K,-0.6808563273073253,0.22362696511302643
0.84173179,-28.97540717,K,-1.1,34.93
65.67294362,-0.15221763,G,-2.7,188.15
34.42222518,-17.70583204,K,-0.57,25.19
342.07193523,-31.28010094,K,4.23,0.31
63.85810005,-1.28180058,F,1.7449286314021815,2.6843617841590257
74.03469821,4.90639066,A,-1.18,230.05
59.75530792,-3.77945712,K,-0.6808563273073253,0.22362696511302643
352.73590655,-30.33583261,F,1.7449286314021815,2.6843617841590257
58.5069577,-4.54674978,B,-0.1975961538461539,24693.029699168907
50.49445205,-9.27383559,G,1.5541858141858127,1.4605227901814972
31.27149506,-19.19865976,B,-0.1975961538461539,24693.029699168907
26.01595154,-21.44648542,K,-0.6808563273073253,0.22362696511302643
38.91721768,-15.56020333,M,-1.2799270072992703,0.021972455607761267
74.80455928,5.33780855,F,1.31,9.88
2.67773352,-28.65535813,G,1.85,4.16
351.89116842,-30.4675609,F,1.7449286314021815,2.6843617841590257
12.08118589,-26.3144542,G,3.0,1.41
2.33373545,-28.74136037,F,2.03,5.38
43.36308708,-13.27319947,K,-0.6808563273073253,0.22362696511302643
327.94953995,-31.19991082,G,2.05,3.41
85.24762648,11.37301769,A,0.9189775051124738,13.275911018388857
55.82092725,-6.2094791,B,-0.1975961538461539,24693.029699168907
340.92189758,-31.36992703,K,-0.6808563273073253,0.22362696511302643
53.58740678,-7.53448909,M,-1.2799270072992703,0.021972455607761267
353.57821166,-30.26542076,F,1.35,9.68
55.51568111,-6.39736303,B,-0.11,137.22
2.2299021,-28.78012361,G,1.5541858141858127,1.4605227901814972
63.73808445,-1.43719195,B,-0.1975961538461539,24693.029699168907
19.954725,-23.80930794,K,4.35,0.19
63.67162201,-1.48001795,A,-0.55,172.69
70.46110624,2.66386829,A,0.9189775051124738,13.275911018388857
337.66693254,-31.46326493,G,-0.57,24.97
49.50595903,-9.92634318,F,2.29,2.96
73.78348478,4.66879911,K,-0.6808563273073253,0.22362696511302643
73.14499016,4.28219518,F,1.87,5.02
106.66884112,21.70081369,G,1.5541858141858127,3.53
95.85382277,16.88663168,G,3.2,1.31
32.24358655,-18.84982642,K,-0.6808563273073253,0.22362696511302643
52.09347913,-8.44858472,K,-0.6808563273073253,0.22362696511302643
64.50177734,-1.00098934,B,-0.48,192.11
65.88535,-0.15401878,A,0.88,23.35
48.42009641,-10.55696397,B,-0.1975961538461539,24693.029699168907
83.10785577,10.12937198,K,-0.6808563273073253,0.22362696511302643
50.86745346,-9.16879981,A,0.66,29.77
77.35722675,6.78873027,A,-1.35,228.68
89.67362931,13.73578969,K,-2.93,129.65
58.76808975,-4.50104569,G,-0.42,21.8
93.90275781,15.91593913,G,-0.94,30.62
35.90182301,-17.14820439,F,1.7449286314021815,2.6843617841590257
26.01818881,-21.54394832,A,0.26,58.61
34.72323595,-17.71476924,A,0.91,19.28
350.69876565,-30.66552585,F,2.93,2.1
16.98378798,-24.87190667,G,1.5541858141858127,1.4605227901814972
72.258992,3.71734879,B,0.06,108.98
64.49529342,-1.02608861,B,-0.1975961538461539,24693.029699168907
12.6269007,-26.23176837,F,2.45,3.15
53.39382909,-7.7219889,G,1.5541858141858127,1.4605227901814972
336.41982978,-31.49355148,M,-1.2799270072992703,0.021972455607761267
76.84098762,6.46368465,B,-0.1975961538461539,24693.029699168907
76.21526873,6.08712,G,-1.23,44.43
32.10197971,-18.9544701,M,-1.2799270072992703,0.021972455607761267
89.39955685,13.57332109,A,1.73,13.65
45.15386822,-12.40706813,G,1.5541858141858127,1.4605227901814972
87.61621103,12.61075232,G,2.01,7.39
350.94011296,-30.65343114,G,3.09,1.19
54.09557888,-7.32901229,G,1.5541858141858127,1.4605227901814972
3.7707071,-28.51956949,G,1.5541858141858127,1.4605227901814972
4.31113928,-28.4039065,F,1.7449286314021815,2.6843617841590257
346.57472362,-31.09008422,F,1.7,5.99
309.72826291,-28.74859882,K,-0.6808563273073253,0.22362696511302643
58.0437105,-4.99318658,A,0.9189775051124738,13.275911018388857
26.54584389,-21.38335462,K,-1.3,34.96
5.52685293,-28.13592243,G,1.07,5.53
77.61088229,6.88727881,M,-1.2799270072992703,0.021972455607761267
14.06483282,-25.84567981,G,3.21,1.06
74.9227338,5.28032689,B,-0.1975961538461539,24693.029699168907
25.5713231,-21.78850906,A,0.26,21.49
3.88087218,-28.51979524,F,1.68,7.81
101.70910835,19.57547667,G,3.31,1.02
70.65513417,2.68432074,B,0.96,65.26
34.84388454,-17.73434512,A,0.9189775051124738,13.275911018388857
55.32001352,-6.64779204,B,-0.24,131.88
50.30418295,-9.57917412,A,0.9189775051124738,13.275911018388857
317.0115789,-30.06959906,F,1.7449286314021815,2.6843617841590257
346.58897136,-31.10885366,A,2.16,5.55
60.17931983,-3.74143316,B,-0.1975961538461539,24693.029699168907
65.71173683,-0.37468448,F,2.15,4.07
99.47297483,18.54887368,K,-0.6808563273073253,0.22362696511302643
71.33501025,3.06683515,O,-1.0,80976.42962657007
109.42859096,22.74903103,F,0.86,16.72
18.15812039,-24.57483248,B,1.39,22.78
38.69298727,-15.89282433,F,0.88,12.63
66.0376866,-0.18440162,B,-0.1975961538461539,24693.029699168907
52.37271653,-8.42611901,B,-0.1975961538461539,24693.029699168907
27.52111206,-21.05234006,F,2.86,1.77
357.18183859,-29.84663663,K,-0.5,22.79
80.13435238,8.31207592,K,-0.6808563273073253,0.22362696511302643
11.08751345,-26.77976175,F,1.7449286314021815,2.6843617841590257
96.41660477,17.0868005,A,0.36,59.83
82.46152711,9.64998269,A,0.9189775051124738,13.275911018388857
8.55682843,-27.46793064,K,-1.14,32.26
64.79443296,-0.98570349,K,-0.6808563273073253,0.22362696511302643
333.44172831,-31.52386481,B,-0.1975961538461539,24693.029699168907
37.49066666,-16.53787467,K,-0.6808563273073253,0.22362696511302643
47.87001824,-11.04603851,K,-0.17,16.65
69.71165707,2.03054083,F,1.7449286314021815,6.51
343.04595034,-31.38694,K,4.33,0.24
344.08906753,-31.32970861,K,-0.6808563273073253,0.22362696511302643
19.28323088,-24.23602611,K,-1.67,42.99
8.34111586,-27.53431159,G,-1.46,48.21
73.84300838,4.54107783,B,-0.1975961538461539,24693.029699168907
72.85023122,3.93658292,A,2.35,9.47
66.87481867,0.27340877,A,0.9189775051124738,13.275911018388857
101.02786577,19.23112296,A,1.48,14.76
67.76574107,0.81496626,B,-0.17,153.92
10.18226329,-27.06671536,G,1.5541858141858127,1.4605227901814972
344.36058939,-31.32920978,K,-0.6808563273073253,0.22362696511302643
88.77062179,13.13631196,K,1.0,6.22
21.65145518,-23.41486483,K,3.77,0.52
351.11556111,-30.73430382,F,2.7,2.38
7.67985816,-27.7249104,F,1.7449286314021815,2.6843617841590257
326.38425577,-31.17976192,A,1.03,19.99
102.90876508,20.05798699,G,-1.42,60.68
358.13624374,-29.73886143,M,-1.2799270072992703,0.021972455607761267
356.71644408,-29.97541502,F,2.57,3.31
42.2970389,-14.13517261,K,-2.72,106.89
57.96667329,-5.20711798,M,-1.2799270072992703,763.61
334.46107767,-31.56880007,K,-0.6808563273073253,0.22362696511302643
23.41181644,-22.79762707,G,1.5541858141858127,1.4605227901814972
358.93139037,-29.62476462,K,-0.6808563273073253,0.22362696511302643
7.50814008,-27.80551139,K,-0.6808563273073253,0.22362696511302643
51.11352738,-9.28750285,A,0.63,24.76
71.64119297,3.13440848,A,0.19,66.3
31.12349285,-19.61762267,K,-0.6808563273073253,0.22362696511302643
81.87779111,9.24418585,K,-0.6808563273073253,0.22362696511302643
326.84970688,-31.2333504,A,0.78,26.96
67.26794533,0.44413695,A,0.9189775051124738,13.275911018388857
46.73699712,-11.7823006,F,2.13,4.41
92.73494732,15.18479251,K,-0.6808563273073253,0.22362696511302643
115.9741186,25.0462312,A,0.9189775051124738,13.275911018388857
10.62134596,-27.01415559,K,-0.02,13.71
28.27232717,-20.87525109,K,-0.6808563273073253,0.22362696511302643
15.22856793,-25.66793294,G,-2.19,116.84
353.31753348,-30.51523495,F,2.58,2.61
347.53044203,-31.14434072,G,1.5541858141858127,2.06
100.14833219,18.79174429,A,0.95,21.14
86.23775326,11.69130925,A,0.9189775051124738,13.275911018388857
332.65817911,-31.55522963,F,1.24,11.54
91.18380341,14.36406476,B,-0.1975961538461539,24693.029699168907
23.67743768,-22.75269147,A,1.59,8.85
63.5590601,-1.88127477,K,-0.6808563273073253,0.22362696511302643
42.27768852,-14.24545724,K,-0.6808563273073253,0.22362696511302643
340.11712632,-31.57735957,F,1.7449286314021815,2.6843617841590257
102.92925409,20.02912585,G,-0.93,38.36
49.77548973,-10.12928113,A,0.9189775051124738,13.275911018388857
84.79753165,10.86435257,K,-0.6808563273073253,118.62
355.69847309,-30.2061491,F,1.7449286314021815,2.6843617841590257
71.70210101,3.10864183,B,-0.1975961538461539,24693.029699168907
49.15739711,-10.48967009,F,1.7449286314021815,2.6843617841590257
64.86836151,-1.09997555,K,-3.05,192.84
325.09459596,-31.11195918,G,1.58,3.8
358.17364885,-29.81801271,F,0.61,14.78
44.44944832,-13.11204599,B,-0.1975961538461539,24693.029699168907
61.10911365,-3.41339843,F,1.29,11.09
66.52203403,-0.08896659,F,1.7449286314021815,2.6843617841590257
50.93042001,-9.49160076,G,1.5541858141858127,1.4605227901814972
74.5723887,4.83657465,A,1.64,10.59
86.04055267,11.53747483,B,-0.24,623.1
0.58766338,-29.40701107,G,1.5541858141858127,1.4605227901814972
77.41035005,6.52100494,K,4.11,0.25
117.28349884,25.45931586,A,1.6,14.34
80.53263402,8.36645018,A,-0.28,68.32
320.62831925,-30.64332601,F,0.76,15.64
42.11457062,-14.41508649,G,-3.48,241.08
65.51868839,-0.76565752,F,1.7449286314021815,2.6843617841590257
33.33724332,-18.7643363,K,-0.6808563273073253,0.22362696511302643
6.47261101,-28.17851458,A,0.9189775051124738,13.275911018388857
342.92727724,-31.51754357,F,1.97,5.44
64.11584218,-1.6334973,F,1.7449286314021815,2.6843617841590257
62.02619166,-2.92219929,G,1.5541858141858127,1.4605227901814972
63.34786898,-2.11213833,A,1.9,8.17
59.30441747,-4.58707499,B,-0.1975961538461539,24693.029699168907
46.18484941,-12.25324586,F,1.7449286314021815,2.6843617841590257
59.828704,-4.28406778,F,1.96,4.22
66.46281436,-0.21139237,B,-0.1975961538461539,24693.029699168907
62.53816024,-2.63762867,G,2.8,2.14
29.87751066,-20.35603839,A,1.02,13.98
19.41547664,-24.43852566,A,-1.27,114.87
51.48916884,-9.27755165,A,0.9189775051124738,13.275911018388857
108.93479378,22.4808197,M,-4.08,0.021972455607761267
68.59759943,1.07159436,B,0.48,54.25
98.04779699,17.73153166,F,2.58,2.41
323.98639288,-31.04938299,K,-0.6808563273073253,0.22362696511302643
102.0260519,19.57327131,A,0.93,32.31
39.09221019,-16.06178055,A,1.51,18.19
78.68567067,7.20197772,B,0.85,43.31
324.78377108,-31.12834333,K,-0.6808563273073253,0.22362696511302643
67.82600339,0.58414646,B,-0.1975961538461539,24693.029699168907
39.96065478,-15.62442104,G,3.33,1.09
70.447203,2.19746857,M,-1.2799270072992703,0.021972455607761267
5.52223572,-28.46820005,B,-1.25,978.9
21.47703737,-23.7568489,K,4.17,0.31
324.04338399,-31.06247522,F,2.73,2.24
347.82519938,-31.24649565,K,-0.6808563273073253,0.22362696511302643
31.59811594,-19.65931756,F,2.7,1.99
44.54434997,-13.23808358,G,1.5541858141858127,1.4605227901814972
71.58261559,2.86948328,O,-1.0,80976.42962657007
96.70971773,17.06206635,G,-1.81,74.0
356.90342692,-30.15396268,K,-0.6808563273073253,0.22362696511302643
6.1654518,-28.34455989,A,1.43,14.86
68.63991765,1.04211939,M,-1.2799270072992703,0.021972455607761267
57.11547431,-6.03234191,A,0.9189775051124738,13.275911018388857
86.17376666,11.4986962,M,-7.43,449.06
73.07289787,3.75950001,B,-2.54,2816.18
337.08754549,-31.72866351,K,-0.6808563273073253,0.22362696511302643
346.28452625,-31.38996164,G,3.05,1.43
58.45170673,-5.23687449,B,-0.1975961538461539,24693.029699168907
41.52231291,-14.89126794,K,-0.6808563273073253,0.22362696511302643
57.84665204,-5.61366782,F,1.7449286314021815,2.6843617841590257
350.0134529,-31.07133923,F,2.89,1.81
359.3689983,-29.76832813,F,1.6,9.89
47.18531733,-11.8428339,F,1.75,6.94
66.00772766,-0.61838145,A,0.9189775051124738,13.275911018388857
84.86691773,10.73716205,F,2.22,4.21
62.98133651,-2.49393377,B,-0.1975961538461539,24693.029699168907
69.51399139,1.53925466,G,1.5541858141858127,1.4605227901814972
56.42768323,-6.49312065,M,-7.33,2173.57
101.11256639,19.12193339,B,0.93,36.48
60.88217116,-3.80218346,G,2.35,2.71
69.4689954,1.49405161,B,-0.1975961538461539,24693.029699168907
47.92817628,-11.46785533,F,2.74,2.41
56.5191071,-6.46133508,K,-0.6808563273073253,0.22362696511302643
348.5754582,-31.23690314,F,2.6,2.88
74.58228697,4.62316335,F,1.69,8.59
72.56415908,3.38720961,F,2.36,3.16
72.56454682,3.38417038,K,-1.36,47.74
350.2816811,-31.08064056,F,1.84,5.52
82.49129308,9.33737309,G,1.5541858141858127,1.4605227901814972
352.3238015,-30.85474618,G,3.54,0.88
54.18958439,-7.87222317,F,1.87,8.27
341.48933395,-31.68953215,F,2.15,4.71
10.56209646,-27.31839817,F,1.7449286314021815,2.6843617841590257
47.52048823,-11.72166283,B,-0.1975961538461539,24693.029699168907
73.48672945,3.94110892,K,-0.6808563273073253,0.22362696511302643
342.54979159,-31.65321367,K,2.89,1.33
63.86984413,-2.00512755,G,-4.18,680.1
77.54307037,6.39817422,K,-3.78,361.93
67.04495256,-0.04140705,A,0.61,41.56
2.86432585,-29.15437184,G,-1.78,57.41
345.69717275,-31.48458957,K,-0.6808563273073253,0.22362696511302643
28.7126512,-21.04566734,G,2.42,2.75
32.88700602,-19.21411278,G,1.5541858141858127,1.4605227901814972
71.67783302,2.80859707,K,-0.6808563273073253,0.22362696511302643
66.96772219,-0.10496093,B,-0.1975961538461539,24693.029699168907
52.63886365,-8.81785913,F,0.41,22.59
104.45197404,20.58192545,K,-0.6808563273073253,0.22362696511302643
7.28542149,-28.1814077,F,2.84,2.25
17.68193407,-25.21359654,F,1.7449286314021815,2.6843617841590257
354.97513396,-30.53319439,F,1.7449286314021815,2.6843617841590257
60.68576902,-3.98937215,A,1.84,15.76
44.00218019,-13.68951018,K,-3.8,354.8
4.6700932,-28.7903389,G,2.5,2.49
42.52760117,-14.47919437,K,-0.6808563273073253,0.22362696511302643
20.87626724,-24.12754207,A,0.9189775051124738,13.275911018388857
328.95323833,-31.5227662,K,-1.13,33.1
15.660664,-25.87976421,K,-0.6808563273073253,0.22362696511302643
8.03380517,-28.01603295,F,1.7449286314021815,2.6843617841590257
2.83990073,-29.19110347,M,-1.2799270072992703,0.021972455607761267
349.58759877,-31.18805623,K,-1.24,46.24
94.25157266,15.75197342,A,1.42,19.48
342.30546389,-31.69021851,M,-1.2799270072992703,0.021972455607761267
356.8494378,-30.27312507,M,-5.59,0.021972455607761267
81.4098721,8.6544953,A,0.9189775051124738,13.275911018388857
48.82546962,-11.06234555,A,0.9189775051124738,13.275911018388857
25.88967712,-22.26391769,F,1.83,5.59
21.90688224,-23.78997076,K,-0.6808563273073253,0.22362696511302643
74.98834639,4.78511056,A,-0.32,112.53
86.75928948,11.71119222,K,-0.6808563273073253,0.22362696511302643
49.38880127,-10.76357818,G,1.5541858141858127,1.4605227901814972
84.90864909,10.66200277,K,-0.6808563273073253,0.22362696511302643
356.10764421,-30.41025776,F,1.7449286314021815,2.6843617841590257
322.01965092,-30.90214485,A,1.26,29.93
12.83037055,-26.77250752,K,-0.93,34.7
67.05985727,-0.12629093,B,-0.1975961538461539,24693.029699168907
62.17979374,-3.151278,G,1.5541858141858127,1.4605227901814972
8.97045157,-27.83054195,A,0.48,30.44
349.29329752,-31.25649292,M,-5.3,128.25
0.08345629,-29.77695738,M,-1.2799270072992703,0.021972455607761267
23.50935736,-23.2422501,M,-1.2799270072992703,0.021972455607761267
55.89320391,-6.99599099,K,-0.6808563273073253,0.22362696511302643
61.89063081,-3.3505181,B,0.58,146.43
60.96358234,-3.92195511,K,4.1,0.37
0.43583896,-29.72041716,F,4.04,0.84
49.50695841,-10.74612226,F,1.99,4.82
50.88469113,-9.95615901,B,-0.1975961538461539,24693.029699168907
309.04406602,-28.66810506,K,-0.6808563273073253,0.22362696511302643
72.77306443,3.38110743,B,-0.13,174.66
88.07245246,12.4014462,K,-0.6808563273073253,0.22362696511302643
354.49413172,-30.68221414,A,0.48,25.96
37.0561117,-17.38721766,K,-0.6808563273073253,0.22362696511302643
17.48645786,-25.39835375,G,3.56,0.73
48.21276061,-11.51005344,A,0.49,34.45
355.79268957,-30.50764843,F,2.22,3.88
52.9490845,-8.78790574,A,0.66,63.82
14.34498359,-26.39373206,F,1.7449286314021815,2.6843617841590257
69.74586333,1.47032233,B,-0.1975961538461539,24693.029699168907
9.92462862,-27.64202348,F,3.44,1.42
15.35882045,-26.09312374,A,1.07,12.99
320.7452878,-30.76663493,K,-1.67,62.01
61.10594801,-3.89416295,K,-0.6808563273073253,0.22362696511302643
84.58061247,10.40371209,K,-0.6808563273073253,0.22362696511302643
68.23970212,0.51740508,B,-0.17,240.28
48.73954643,-11.2519929,K,-4.44,503.59
329.06925495,-31.58936677,A,0.9189775051124738,13.275911018388857
73.74497185,3.92142884,B,-0.1975961538461539,24693.029699168907
37.55879667,-17.19375689,B,-0.1975961538461539,24693.029699168907
77.43491766,6.17188449,O,-1.0,80976.42962657007
312.16929739,-29.34458864,A,0.92,16.69
29.512849,-20.90095148,F,2.11,3.05
331.45815915,-31.72580544,F,2.65,2.68
73.74820204,3.91638774,B,-0.1975961538461539,24693.029699168907
82.8456651,9.38478244,G,2.81,2.25
339.01097008,-31.85687241,K,-2.2,94.23
74.62343168,4.44622826,A,0.9189775051124738,13.275911018388857
357.86852171,-30.23064695,F,1.11,11.09
318.19919215,-30.41508921,K,-2.43,89.78
66.47651107,-0.6049634,B,-0.1975961538461539,24693.029699168907
65.3004126,-1.34036702,A,-0.12,59.76
27.87456609,-21.61734071,K,-1.8,59.33
75.33210826,4.86417972,A,1.06,17.27
10.80593902,-27.45799549,F,1.7449286314021815,2.6843617841590257
53.97610617,-8.25858073,A,0.46,40.43
54.21880188,-8.1179194,K,-0.6808563273073253,0.22362696511302643
54.80668494,-7.76974798,K,-0.6808563273073253,0.22362696511302643
20.32855371,-24.51626569,F,2.26,4.55
78.13074941,6.55765523,A,0.9189775051124738,13.275911018388857
76.66411831,5.66858949,K,-0.6808563273073253,0.22362696511302643
55.08793008,-7.60533546,F,1.7449286314021815,2.6843617841590257
29.92449645,-20.77222703,K,-0.6808563273073253,0.22362696511302643
25.28491659,-22.68825829,G,3.0,1.38
1.92248454,-29.53367236,F,2.44,3.25
95.50681439,16.28529922,M,-5.13,0.021972455607761267
78.34630103,6.67495161,B,-0.1975961538461539,24693.029699168907
20.23566338,-24.56493002,G,3.76,0.65
1.82013601,-29.55728454,F,2.59,2.67
316.82462929,-30.20680344,K,-0.6808563273073253,0.22362696511302643
64.83880289,-1.66626756,K,-0.6808563273073253,0.22362696511302643
73.26054926,3.56214684,K,-3.91,358.26
30.96883887,-20.33670456,A,0.48,29.71
46.19256789,-12.75660839,F,1.52,7.29
78.69480271,6.87399502,F,1.69,8.2
63.55824313,-2.46663064,A,0.88,21.38
317.72793609,-30.3539493,A,1.44,14.56
27.10817999,-21.99142916,A,0.9189775051124738,13.275911018388857
84.48868522,10.27512103,G,1.5541858141858127,230.52
78.51826127,6.74782853,M,-1.2799270072992703,0.021972455607761267
32.22913346,-19.81364172,A,0.85,16.53
340.16301926,-31.88806396,G,2.03,3.12
19.03778384,-25.01962138,K,-1.35,54.28
336.24523845,-31.9078153,B,-0.1975961538461539,24693.029699168907
351.87697051,-31.11429801,F,1.05,14.08
50.72500015,-10.24813487,F,1.7449286314021815,8.86
359.42246142,-30.04000618,A,1.05,25.08
87.4014904,11.91281349,G,1.5541858141858127,1.4605227901814972
76.01542284,5.20456283,B,-0.1975961538461539,24693.029699168907
97.77176402,17.38182769,M,-5.22,883.36
337.02906385,-31.92472808,K,-0.29,16.23
6.89740271,-28.52667038,K,-0.6808563273073253,0.22362696511302643
345.36811305,-31.69574179,K,-0.6808563273073253,0.22362696511302643
67.44268565,-0.11791198,G,1.5541858141858127,1.4605227901814972
16.85634289,-25.77007656,K,-0.6808563273073253,0.22362696511302643
25.01836747,-22.8803026,G,3.24,1.18
1.58289177,-29.6671805,F,1.7449286314021815,2.6843617841590257
4.07182847,-29.16684862,K,-2.55,113.1
316.15033296,-30.11112682,F,3.11,1.76
71.15271316,2.18320628,B,-0.1975961538461539,24693.029699168907
103.10218505,19.87771597,B,1.04,16.17
11.61603491,-27.34023263,K,-0.6808563273073253,0.22362696511302643
35.21326982,-18.4925185,K,-0.6808563273073253,0.22362696511302643
39.6011096,-16.34793724,G,2.09,3.71
2.13289472,-29.57555425,K,-0.6808563273073253,0.22362696511302643
19.70592015,-24.85073518,F,2.63,2.53
40.95764341,-15.66441197,B,-0.1975961538461539,24693.029699168907
319.87308889,-30.69740188,M,-1.2799270072992703,0.021972455607761267
95.31280951,16.12710014,K,-0.9,33.0
44.09485524,-14.01710975,K,-0.6808563273073253,0.22362696511302643
355.26222718,-30.7372795,G,1.5541858141858127,1.4605227901814972
69.88244686,1.35388117,B,-0.1975961538461539,24693.029699168907
77.34174907,5.95485406,A,1.52,21.12
337.84770967,-31.95786864,M,-7.34,407.62
62.86626621,-3.02139631,B,-1.31,918.85
79.32290643,7.1500192,M,-4.71,0.021972455607761267
91.22217497,13.96850393,B,0.08,128.63
74.70828212,4.33780937,B,-0.1975961538461539,24693.029699168907
96.601603,16.76626881,K,3.82,0.46
80.49685907,7.84873822,K,1.76,8.0
45.42346249,-13.32693538,K,-1.66,55.87
345.0099976,-31.75543797,G,2.78,1.8
55.78120244,-7.3718942,F,0.45,27.66
326.51592287,-31.47434353,F,1.7449286314021815,2.6843617841590257
53.72123603,-8.61287562,F,1.23,8.95
76.53313603,5.43507588,A,0.9189775051124738,13.275911018388857
326.32393716,-31.45822892,G,3.65,0.76
347.03270684,-31.63549133,G,1.5541858141858127,1.4605227901814972
24.36761178,-23.21392965,A,0.9189775051124738,13.275911018388857
328.94581872,-31.66841972,K,-1.69,59.43
52.00722548,-9.63768021,K,-0.6808563273073253,0.22362696511302643
64.8347151,-1.84367745,B,-0.1975961538461539,24693.029699168907
66.06819856,-1.07644763,B,-0.1975961538461539,24693.029699168907
337.76279455,-31.98064013,G,-1.17,39.74
68.25093374,0.28582444,B,-1.71,683.11
332.31037367,-31.86745607,F,1.7449286314021815,2.6843617841590257
98.79534819,17.82353087,F,2.58,2.92
28.26574782,-21.68636857,A,0.7,38.27
22.82002016,-23.8365025,F,2.09,5.16
66.96276561,-0.54308307,B,-0.1975961538461539,24693.029699168907
63.01647616,-3.00239012,F,0.14,31.13
71.8400045,2.49801807,B,-0.09,167.89
72.10416909,2.65813786,G,1.5541858141858127,1.4605227901814972
71.11397815,2.03696021,K,-0.6808563273073253,0.22362696511302643
52.18144354,-9.58319648,A,0.9189775051124738,13.275911018388857
50.8086051,-10.40714168,B,-0.1975961538461539,24693.029699168907
36.7405121,-17.92220945,B,-0.1975961538461539,24693.029699168907
36.58409381,-17.99851138,B,0.69,29.82
89.44057645,12.92889865,F,-0.03,30.88
90.77411528,13.65642556,G,3.09,0.99
56.69525894,-6.93372645,G,-0.61,22.27
97.6590158,17.23679661,G,-1.32,51.48
353.58451997,-31.05068273,K,-0.6808563273073253,0.22362696511302643
75.27664427,4.58143658,G,2.61,2.12
20.8114767,-24.61392531,A,0.9189775051124738,13.275911018388857
66.33334036,-0.99253604,G,2.43,2.61
342.10286545,-31.95499852,K,3.68,0.61
356.40739473,-30.67831713,K,-0.6808563273073253,0.22362696511302643
80.80767381,7.93113686,K,3.33,0.87
59.6306563,-5.16825691,A,0.9189775051124738,13.275911018388857
53.59418348,-8.8224897,K,-3.33,308.31
97.64226801,17.21457967,G,-1.1,42.82
329.93755488,-31.78142261,K,-0.6808563273073253,0.22362696511302643
58.60868227,-5.80994671,A,0.9189775051124738,13.275911018388857
60.68530561,-4.53852132,B,-0.1975961538461539,24693.029699168907
34.49187202,-19.05104889,M,-1.2799270072992703,0.021972455607761267
5.67847269,-28.99432828,K,-0.6808563273073253,0.22362696511302643
40.45989094,-16.13841898,K,1.65,3.29
112.2043173,23.57842261,K,-2.64,172.95
2.56233004,-29.65551738,F,3.85,0.79
87.45640095,11.77466696,G,3.99,0.42
345.49166452,-31.82894314,G,2.1,3.5
12.22432465,-27.37520871,M,-1.2799270072992703,0.021972455607761267
89.691197,13.01961666,G,2.58,2.49
358.65701687,-30.3731319,K,-0.6808563273073253,0.22362696511302643
110.42344058,22.88964105,K,-1.17,36.85
26.11363495,-22.71288813,K,-0.6808563273073253,0.22362696511302643
55.08300176,-8.0038343,K,3.93,0.48
355.57570151,-30.8521743,G,1.5541858141858127,1.4605227901814972
348.81454009,-31.60927804,K,5.61,0.06
29.24216464,-21.43859195,B,-0.1975961538461539,24693.029699168907
348.81766883,-31.61177596,K,-0.6808563273073253,0.22362696511302643
354.45488758,-31.00824372,K,-2.77,155.14
43.05547949,-14.83772512,A,0.9189775051124738,13.275911018388857
333.16073745,-31.97380451,K,-0.6808563273073253,0.22362696511302643
38.17679733,-17.34732648,G,-0.85,19.73
54.89106846,-8.13962041,B,-0.1975961538461539,24693.029699168907
13.92196156,-26.93359973,M,-6.53,0.021972455607761267
358.78873186,-30.3840375,F,2.13,5.78
52.29001487,-9.69166554,K,-0.6808563273073253,0.22362696511302643
74.51361087,4.00198398,B,-0.1975961538461539,24693.029699168907
87.92916953,11.99976259,G,2.74,1.7
13.21239508,-27.15652523,G,3.37,1.0
40.71848348,-16.09819028,K,-0.6808563273073253,0.22362696511302643
54.23306262,-8.56648798,G,1.5541858141858127,1.4605227901814972
60.48150766,-4.7747542,B,-0.1975961538461539,24693.029699168907
74.02798859,3.68172465,K,-0.8,82.83
44.29994638,-14.22295119,K,4.25,0.24
66.14352486,-1.25317573,B,-0.1975961538461539,24693.029699168907
68.83982143,0.43534378,F,1.7449286314021815,2.6843617841590257
69.06442806,0.57170559,K,-3.49,330.78
100.69804606,18.64346252,K,-4.06,468.93
74.96809579,4.25478866,G,3.11,1.32
319.18706855,-30.67421005,F,2.7,2.39
51.04823486,-10.46698134,A,1.88,11.15
69.59525308,0.88969643,B,0.12,127.98
23.4672571,-23.82467266,G,1.22,7.55
308.4392468,-28.57947424,G,1.5541858141858127,1.4605227901814972
81.04236823,7.94130113,B,-0.1975961538461539,24693.029699168907
52.35215486,-9.72775398,G,1.39,6.68
33.05232857,-19.86612985,K,-0.6808563273073253,0.22362696511302643
90.79440087,13.54938092,A,2.03,13.22
65.99347718,-1.4051572,G,1.41,4.64
15.72135425,-26.47998641,A,2.0,8.44
32.8401828,-19.98313251,F,2.35,3.42
76.06517862,4.88472056,A,0.81,28.11
57.46945589,-6.69538512,G,1.42,6.92
46.49618977,-13.09689416,A,0.9189775051124738,13.275911018388857
34.13040428,-19.40479184,F,2.89,1.83
52.93551876,-9.41983881,A,0.9189775051124738,13.275911018388857
5.66612525,-29.14039252,G,1.5541858141858127,1.4605227901814972
35.4700999,-18.7850584,K,4.05,0.3
24.69356846,-23.407183,K,-0.6808563273073253,0.22362696511302643
59.07989171,-5.7152651,F,1.7449286314021815,2.6843617841590257
64.80384933,-2.17248372,B,-0.1975961538461539,24693.029699168907
62.10694321,-3.85706027,B,-0.1975961538461539,24693.029699168907
77.18797732,5.55056474,K,1.02,15.06
69.0739993,0.48245311,F,1.7449286314021815,2.6843617841590257
45.61582433,-13.62948265,M,-4.69,448.36
84.82068048,10.12317065,K,-3.53,296.56
23.8043607,-23.77591685,F,1.81,5.8
86.80847772,11.27268008,A,1.09,14.76
84.95789212,10.20128346,A,0.92,29.99
65.59718498,-1.71542844,K,-0.6808563273073253,0.22362696511302643
35.96649289,-18.59587521,A,0.9189775051124738,13.275911018388857
92.49580401,14.42852233,A,0.9189775051124738,13.275911018388857
57.67464401,-6.63461045,K,-0.6808563273073253,501.94
357.0912759,-30.76309831,F,0.97,13.92
70.38326283,1.27568731,B,-0.1975961538461539,24693.029699168907
330.87358262,-31.93993986,F,1.75,7.38
57.87240611,-6.53059012,K,-0.6808563273073253,0.22362696511302643
343.55875737,-32.05519592,A,0.9189775051124738,13.275911018388857
48.10396368,-12.29226335,G,1.5541858141858127,1.4605227901814972
346.05236498,-31.93675315,A,1.83,7.22
67.43695196,-0.5992531,K,-0.6808563273073253,0.22362696511302643
86.0889634,10.82233688,K,-0.6808563273073253,0.22362696511302643
91.47470548,13.84977204,K,-0.6808563273073253,0.22362696511302643
75.1499246,4.22490183,K,-0.6808563273073253,0.22362696511302643
41.44194482,-15.92288084,F,2.09,4.25
340.9856508,-32.15346724,G,3.14,1.36
18.99662991,-25.54730606,G,-1.23,36.41
72.58526668,2.61364342,O,-1.0,80976.42962657007
55.57805635,-7.96810814,B,-0.54,291.53
73.76318955,3.34552412,B,-0.1975961538461539,24693.029699168907
4.27011684,-29.53221915,A,1.3,20.81
315.21825948,-30.04540346,F,0.75,19.15
48.43914169,-12.14921129,F,2.55,3.11
27.68073976,-22.34240971,A,0.9189775051124738,13.275911018388857
26.67622832,-22.75199081,F,0.69,14.96
2.76429048,-29.84136291,K,-3.67,316.02
94.39745464,15.39631902,K,-0.6808563273073253,0.22362696511302643
1.7379725,-30.04303657,F,0.24,40.42
321.01027666,-30.98906774,K,4.41,0.23
17.31086109,-26.1213072,A,0.9189775051124738,13.275911018388857
3.22967423,-29.75845984,G,-2.12,75.72
67.41109609,-0.67037849,G,3.07,1.26
335.46235365,-32.16222365,F,1.7449286314021815,2.6843617841590257
334.46097422,-32.136818,F,1.23,8.23
74.56250331,3.8131653,A,0.9189775051124738,13.275911018388857
312.86086286,-29.58861884,F,2.49,2.6
61.51431671,-4.37269685,G,-1.45,69.77
74.55754678,3.80677802,M,-1.2799270072992703,0.021972455607761267
0.47082486,-30.28644835,K,-0.6808563273073253,0.22362696511302643
9.90366069,-28.2601529,G,1.5541858141858127,1.4605227901814972
323.18607597,-31.2780503,G,1.5541858141858127,1.4605227901814972
50.53005551,-10.99692143,K,-0.6808563273073253,0.22362696511302643
72.946709,2.79167241,B,-0.1975961538461539,24693.029699168907
352.41399931,-31.44438155,F,2.33,3.57
60.29045718,-5.14703414,M,-4.9,0.021972455607761267
4.87908906,-29.44134037,K,-3.34,204.56
9.26852558,-28.43153028,G,3.25,1.17
67.50101972,-0.64167063,G,1.5541858141858127,1.4605227901814972
59.29281472,-5.77158353,F,1.7449286314021815,2.6843617841590257
19.39317276,-25.4762655,F,1.28,8.85
71.63607285,1.95154698,K,2.38,5.47
87.60896818,11.6340155,K,-0.6808563273073253,0.22362696511302643
54.71352376,-8.5789655,F,1.7449286314021815,2.6843617841590257
315.85688412,-30.17797866,G,1.5541858141858127,1.4605227901814972
59.92963913,-5.41397692,K,-0.6808563273073253,0.22362696511302643
61.88455502,-4.205369,K,4.12,0.33
79.54496089,6.8292987,G,1.5541858141858127,1.4605227901814972
349.79438496,-31.74252703,F,3.68,1.16
341.30782457,-32.20973387,F,1.99,6.19
68.48511681,-0.0756507,B,-0.1975961538461539,24693.029699168907
355.14082038,-31.16306941,K,-0.6808563273073253,0.22362696511302643
65.42848423,-2.01076632,A,0.9189775051124738,13.275911018388857
328.24805591,-31.82013584,K,-0.6808563273073253,0.22362696511302643
56.58031699,-7.49995764,A,0.29,46.18
76.57373784,4.98506214,B,1.02,41.06
96.1523704,16.25313282,K,-0.11,14.83
32.87146745,-20.2384568,A,1.48,13.96
50.99026951,-10.82432738,A,1.12,24.2
315.27062271,-30.07912861,A,0.9189775051124738,13.275911018388857
64.38663359,-2.67594856,B,-0.1975961538461539,24693.029699168907
32.8054154,-20.27225476,G,2.23,2.98
34.45834301,-19.51746464,F,1.41,9.97
340.88327909,-32.23135604,K,-0.6808563273073253,0.22362696511302643
17.58510566,-26.14266657,K,-0.6808563273073253,0.22362696511302643
2.86163658,-29.92082262,G,3.22,1.2
77.37344219,5.46812292,B,-0.1975961538461539,24693.029699168907
347.47967089,-31.94710009,M,-1.2799270072992703,0.021972455607761267
106.95221441,21.36048664,F,0.52,18.3
71.20070849,1.60107973,G,-1.58,56.07
74.49399671,3.66625653,G,1.5541858141858127,1.4605227901814972
56.55062203,-7.55106345,G,3.14,1.37
315.26086905,-30.08211085,F,1.7449286314021815,2.6843617841590257
73.63269325,3.12320038,B,-0.1975961538461539,24693.029699168907
343.99609762,-32.15290962,K,-0.6808563273073253,0.22362696511302643
48.00576054,-12.56843513,K,-2.55,160.72
1.72631476,-30.15603122,F,1.7449286314021815,2.6843617841590257
56.49535818,-7.59635223,G,1.5541858141858127,1.4605227901814972
51.98365357,-10.28815989,B,-0.1975961538461539,24693.029699168907
81.8060798,8.15043575,B,-0.1975961538461539,24693.029699168907
63.9975325,-2.9615349,K,3.94,0.41
78.17565749,5.93453931,G,3.86,0.56
48.72812517,-12.17468431,K,-0.6808563273073253,0.22362696511302643
68.61779552,-0.06219087,B,0.99,17.94
319.06615327,-30.74431116,F,1.7449286314021815,2.16
39.91201929,-16.92814265,K,-0.6808563273073253,0.22362696511302643
350.32558488,-31.74489624,G,1.5541858141858127,1.4605227901814972
57.13728907,-7.23019329,F,1.7449286314021815,2.6843617841590257
85.76091307,10.48270327,K,-1.34,44.13
351.94968087,-31.59073771,F,1.7449286314021815,2.6843617841590257
69.21289836,0.29298045,B,-0.1975961538461539,24693.029699168907
15.52031058,-26.84570202,G,3.29,1.13
47.54442343,-12.87970701,F,1.7449286314021815,2.6843617841590257
334.36335626,-32.21314709,G,1.5541858141858127,1.4605227901814972
9.34326413,-28.54707213,K,-2.71,120.53
40.82563623,-16.50753042,K,-3.2,149.85
70.58860022,1.13860267,G,0.47,8.46
92.46155319,14.2418224,A,1.53,14.41
11.4094947,-28.03421481,K,-0.6808563273073253,0.22362696511302643
74.6413477,3.68285621,B,-0.1975961538461539,24693.029699168907
14.01784302,-27.31733914,K,-0.6808563273073253,0.22362696511302643
77.9324944,5.72937497,B,-0.1975961538461539,24693.029699168907
19.87590064,-25.48638907,F,1.85,6.35
71.06919544,1.42977817,F,1.7449286314021815,2.6843617841590257
106.53856996,21.15338202,K,-1.32,51.69
18.00898287,-26.10677785,F,2.63,2.56
348.0301099,-31.97179422,F,1.7449286314021815,2.6843617841590257
32.62075726,-20.47641598,G,1.5541858141858127,1.4605227901814972
83.11995998,8.87715188,A,-0.34,105.42
354.80071242,-31.30167145,A,0.73,20.71
46.17736104,-13.69088181,K,-0.6808563273073253,0.22362696511302643
63.3115041,-3.48374163,A,0.9189775051124738,13.275911018388857
49.79652573,-11.67603202,B,-0.1975961538461539,24693.029699168907
69.48630062,0.38947492,B,-0.1975961538461539,24693.029699168907
5.87224569,-29.41688032,F,1.7449286314021815,1.6
104.13164649,20.06609042,A,1.69,10.14
27.5869715,-22.66974749,A,0.9189775051124738,13.275911018388857
81.92390472,8.12718449,K,-0.6808563273073253,0.22362696511302643
342.87561746,-32.26754243,F,2.87,1.92
68.23554204,-0.41532286,B,-0.1975961538461539,24693.029699168907
4.99209501,-29.61804066,G,1.5541858141858127,1.4605227901814972
58.21315974,-6.70756891,A,0.9189775051124738,13.275911018388857
97.08134665,16.6364867,A,0.9189775051124738,17.01
65.04907585,-2.45667909,F,2.48,3.54
105.66414167,20.7440982,G,2.9,1.94
21.6167336,-24.96592156,A,0.9189775051124738,13.275911018388857
69.35640147,0.26407987,G,2.66,1.94
351.06917011,-31.76652301,K,-0.6808563273073253,0.22362696511302643
42.58161998,-15.70618856,G,2.86,1.26
55.62905649,-8.29768579,G,2.97,1.74
349.20271395,-31.9354894,F,1.7449286314021815,2.6843617841590257
64.66100381,-2.71309266,G,2.28,2.92
75.5403564,4.15739751,G,1.5541858141858127,1.4605227901814972
13.48357174,-27.56198423,F,1.7449286314021815,2.6843617841590257
331.98636329,-32.16466074,M,4.57,0.021972455607761267
101.98310093,19.04617121,A,1.36,10.76
67.18612056,-1.12765223,G,3.49,0.87
63.03054534,-3.74886035,B,-0.1975961538461539,24693.029699168907
102.25521141,19.17103984,F,1.7449286314021815,2.6843617841590257
105.46193662,20.64406306,A,0.35,66.28
100.93538124,18.53918244,M,-5.83,0.021972455607761267
330.77469506,-32.0984543,G,2.56,2.08
53.77102309,-9.44870373,K,-0.6808563273073253,0.22362696511302643
43.76755523,-15.11682771,A,0.9189775051124738,13.275911018388857
64.31194067,-2.96318346,G,2.85,1.6
353.61438969,-31.5285139,G,3.9,0.6
20.83172012,-25.29036134,G,-1.69,54.6
61.90591538,-4.48922633,A,0.7,28.21
7.51842839,-29.13059353,G,0.32,10.17
31.58084092,-21.08578885,B,-0.1975961538461539,24693.029699168907
356.97103878,-31.10608209,G,1.5541858141858127,1.4605227901814972
23.44571317,-24.37476503,A,0.9189775051124738,13.275911018388857
86.70063994,10.88839656,M,-1.2799270072992703,0.021972455607761267
30.23827894,-21.67697413,A,0.99,13.39
31.44529297,-21.15750577,B,-0.1975961538461539,24693.029699168907
310.05267589,-29.01920105,F,1.63,8.01
88.589584,11.97610991,K,7.13,0.01
49.17907457,-12.17032599,A,0.9189775051124738,13.275911018388857
28.78477367,-22.29936367,K,4.48,0.14
30.59932227,-21.53435217,F,1.7449286314021815,2.6843617841590257
53.81779685,-9.47157027,K,-1.17,38.12
57.36980843,-7.33069798,A,0.85,27.54
118.99339907,25.89378086,G,0.92,6.94
73.30555889,2.68098072,G,1.5541858141858127,1.4605227901814972
86.31296582,10.64879922,M,-4.46,0.021972455607761267
37.57418836,-18.3419487,F,1.97,4.62
82.58848503,8.4302701,G,1.5541858141858127,1.4605227901814972
353.48438846,-31.57313694,K,-3.39,225.1
333.48506353,-32.27313375,A,1.05,26.88
59.18550258,-6.23032101,K,-0.75,28.43
74.8422656,3.63782106,G,3.25,1.11
43.50655018,-15.32853015,F,1.59,6.92
76.82668669,4.87861255,A,1.95,6.08
56.34519083,-7.97507244,A,0.9189775051124738,13.275911018388857
83.27317209,8.82955246,F,1.43,10.71
15.07676181,-27.1897875,A,0.8,31.49
350.60526595,-31.88268304,K,3.77,0.47
63.84934044,-3.33675264,K,-0.6808563273073253,0.22362696511302643
33.99141964,-20.06724,A,1.48,11.16
16.9432576,-26.63229054,K,-0.6808563273073253,0.22362696511302643
106.1273964,20.90739887,M,-1.2799270072992703,0.021972455607761267
14.01565944,-27.51979749,G,1.5541858141858127,1.4605227901814972
57.4322057,-7.34873474,F,1.7449286314021815,2.6843617841590257
50.80558003,-11.30445198,K,-0.6808563273073253,0.22362696511302643
60.41007967,-5.51391084,G,3.05,1.72
29.38828653,-22.10793733,K,-0.6808563273073253,0.22362696511302643
3.94875698,-29.96490013,F,1.7449286314021815,2.6843617841590257
75.68127242,4.12967867,K,-0.6808563273073253,0.22362696511302643
85.1168863,9.90717337,A,0.9189775051124738,13.275911018388857
337.64962845,-32.41143396,K,-0.6808563273073253,0.22362696511302643
12.65244448,-27.90818427,F,1.68,6.98
82.59939776,8.39702179,G,3.07,1.49
35.45277996,-19.41774704,A,0.9189775051124738,13.275911018388857
42.01074342,-16.16514732,B,-0.96,182.04
90.29812376,12.89613534,F,1.61,7.58
25.90279231,-23.52950931,K,-4.09,0.22362696511302643
19.50064022,-25.84209456,A,0.9189775051124738,13.275911018388857
26.6227969,-23.2596889,A,0.9189775051124738,13.275911018388857
81.85981792,7.92924579,B,-0.1975961538461539,24693.029699168907
6.52875424,-29.44632057,A,0.34,67.56
65.53175147,-2.32830463,F,1.27,8.27
29.59400883,-22.05549386,A,0.88,33.53
55.36532399,-8.64326067,M,-1.2799270072992703,0.021972455607761267
69.37514324,0.1036891,A,1.5,13.88
75.61656024,4.05252724,G,1.5541858141858127,1.4605227901814972
325.11876531,-31.65279155,A,0.9189775051124738,13.275911018388857
345.75490118,-32.27788983,K,-0.6808563273073253,0.22362696511302643
328.46785033,-31.98762859,G,3.27,1.12
8.38295569,-29.04393076,B,-0.38,201.06
7.38481735,-29.27765534,K,-0.6808563273073253,0.22362696511302643
95.39258797,15.65283865,K,-0.89,28.55
74.25445249,3.17494246,B,-0.1975961538461539,24693.029699168907
44.80815172,-14.74121987,G,3.32,0.88
48.28307821,-12.82035264,G,3.88,0.56
53.31543652,-9.90954989,G,1.5541858141858127,1.4605227901814972
96.95703718,16.46699582,G,1.5541858141858127,1.58
49.00260068,-12.42177018,M,-1.2799270072992703,0.021972455607761267
58.61631022,-6.70389367,K,-0.6808563273073253,0.22362696511302643
24.59005576,-24.09726288,A,0.9189775051124738,13.275911018388857
71.87681913,1.65484045,F,1.7449286314021815,2.6843617841590257
357.94224739,-31.07469484,G,3.55,0.7
338.01593257,-32.45492823,K,-0.6808563273073253,0.22362696511302643
6.25915474,-29.54949224,G,1.5541858141858127,1.4605227901814972
77.27029952,5.0508948,B,-0.1975961538461539,24693.029699168907
72.4672811,2.01831065,O,-2.2,397.33
8.70886378,-28.99700274,G,2.36,2.56
83.51585845,8.88259689,G,2.37,2.56
3.12463121,-30.20256439,F,1.04,11.86
54.76376897,-9.07837847,G,1.5541858141858127,1.4605227901814972
68.01596277,-0.82243898,F,2.41,3.12
76.18792603,4.35754031,B,-0.1975961538461539,24693.029699168907
339.92811195,-32.4701352,A,1.45,10.7
44.98043748,-14.6917789,K,-0.6808563273073253,0.22362696511302643
85.65617103,10.15298241,A,0.9189775051124738,13.275911018388857
26.89123047,-23.23480596,K,-0.6808563273073253,0.22362696511302643
61.6484036,-4.85742469,A,-1.22,225.68
28.7621214,-22.48201872,K,-0.6808563273073253,0.22362696511302643
4.49796832,-29.94791666,F,0.6,16.63
52.02939662,-10.7263258,G,1.5541858141858127,1.4605227901814972
66.85934589,-1.58457582,F,1.7449286314021815,2.6843617841590257
26.56761859,-23.38595477,G,3.35,1.07
338.85244394,-32.49425852,F,2.29,2.82
67.33331007,-1.31038308,G,1.5541858141858127,1.4605227901814972
57.78615561,-7.30314508,K,-0.6808563273073253,0.22362696511302643
63.08333,-4.00834602,A,0.9189775051124738,13.275911018388857
46.00040698,-14.1979383,A,1.54,16.45
72.55131565,2.00603676,B,-2.83,623.82
61.19084996,-5.19941008,K,-0.6808563273073253,0.22362696511302643
72.65150298,2.06824042,B,-0.1975961538461539,24693.029699168907
72.65163048,2.06510679,O,-1.0,80976.42962657007
0.5704006,-30.72178186,G,2.14,3.12
58.93756064,-6.61043202,G,-1.57,59.26
72.66158999,2.06588077,B,-2.72,583.41
43.3031166,-15.67179392,A,0.9189775051124738,13.275911018388857
341.97273589,-32.48325973,F,2.37,3.05
76.27594083,4.34471713,B,-0.1975961538461539,24693.029699168907
69.86676846,0.27743321,K,-0.6808563273073253,0.22362696511302643
49.85317706,-12.06052571,K,-3.47,187.57
23.6122246,-24.57128282,G,1.5541858141858127,1.4605227901814972
354.80877215,-31.57843249,F,1.39,8.58
314.52005549,-30.03340419,A,1.8,8.61
46.44810285,-13.99390359,K,4.32,0.22
67.73969399,-1.1065661,G,1.5541858141858127,1.4605227901814972
21.26325336,-25.43095602,K,-0.6808563273073253,0.22362696511302643
66.87558416,-1.65825074,G,2.76,1.74
66.20792926,-2.08359806,K,-1.85,53.48
344.44706314,-32.42968298,K,-0.6808563273073253,0.22362696511302643
55.19937382,-8.94012741,F,1.7449286314021815,2.6843617841590257
72.33492654,1.81302438,B,-2.73,276.36
355.55433208,-31.50900678,K,-0.6808563273073253,0.22362696511302643
63.95977735,-3.52375032,B,-0.1975961538461539,24693.029699168907
37.91997052,-18.47676328,K,-1.38,45.32
40.11795786,-17.38419023,F,2.15,3.9
87.5615292,11.18114875,F,1.95,5.38
98.82747476,17.34697374,F,2.72,2.2
59.77181113,-6.16696701,F,1.72,10.1
356.86190662,-31.35517407,G,2.82,1.45
12.65226101,-28.13156485,F,1.7449286314021815,2.6843617841590257
72.85255675,2.09443663,K,1.22,4.32
345.96714774,-32.39968882,F,1.84,6.87
110.14774303,22.55320273,M,-1.2799270072992703,0.021972455607761267
27.47252774,-23.18135391,G,3.0,1.42
75.49893977,3.7622325,K,-4.54,470.89
101.2519317,18.53221514,B,-0.1975961538461539,24693.029699168907
103.48816334,19.60185838,F,0.72,20.13
10.01911319,-28.85207311,G,2.04,3.67
22.18054825,-25.19672149,M,-1.2799270072992703,0.021972455607761267
73.07921611,2.21042523,K,-3.54,274.47
24.05978588,-24.52020193,G,1.5541858141858127,1.4605227901814972
331.37515899,-32.3060353,K,-0.6808563273073253,0.22362696511302643
344.11851141,-32.4998194,A,0.9189775051124738,13.275911018388857
20.60055897,-25.76236635,G,3.23,1.3
327.15677885,-31.9641519,F,1.7449286314021815,2.6843617841590257
53.06472042,-10.33758309,K,-0.6808563273073253,0.22362696511302643
72.16725431,1.60349953,G,1.5541858141858127,1.4605227901814972
37.64986797,-18.72080546,B,-0.25,66.19
16.50703426,-27.09464908,K,-0.6808563273073253,0.22362696511302643
84.80196632,9.47466467,F,2.66,2.42
348.15051329,-32.30757574,K,-0.6808563273073253,0.22362696511302643
48.57287208,-12.96451763,A,1.94,9.47
48.58972633,-12.95698874,A,1.35,17.38
52.6845683,-10.59077248,A,0.9189775051124738,13.275911018388857
13.516337,-27.97719146,F,1.7449286314021815,2.6843617841590257
61.69085604,-5.08456078,A,0.9189775051124738,13.275911018388857
358.44900977,-31.19573394,F,1.7449286314021815,2.6843617841590257
74.75178804,3.2273432,K,-0.6808563273073253,0.22362696511302643
71.99136386,1.46847612,B,-0.1975961538461539,24693.029699168907
3.88231199,-30.26278077,K,-0.6808563273073253,0.22362696511302643
353.84850181,-31.80878618,G,1.5541858141858127,1.4605227901814972
93.17799062,14.29251815,K,-0.6808563273073253,0.22362696511302643
349.29321504,-32.24108366,K,-0.6808563273073253,0.22362696511302643
29.47996655,-22.45761246,K,-0.6808563273073253,0.22362696511302643
64.22136354,-3.51182834,G,1.5541858141858127,1.4605227901814972
70.79175028,0.68123773,B,-0.03,122.09
97.02417765,16.35230741,A,-0.19,105.19
15.60601383,-27.40520266,K,-0.6808563273073253,0.22362696511302643
351.42575936,-32.06979748,F,1.7449286314021815,2.6843617841590257
336.67265543,-32.57772549,K,-0.6808563273073253,0.22362696511302643
2.95681899,-30.46363145,F,1.7449286314021815,2.6843617841590257
56.72233434,-8.21075244,G,1.5541858141858127,1.4605227901814972
313.19110886,-29.79010193,K,-1.3,32.26
341.54638413,-32.60785982,G,3.06,1.88
29.96794146,-22.27322019,A,2.09,5.45
41.65796843,-16.77513139,K,-0.6808563273073253,0.22362696511302643
91.32120339,13.2343468,B,-0.1975961538461539,24693.029699168907
62.48363484,-4.64526885,B,-0.37,573.3
12.40270125,-28.33667514,K,-1.81,61.14
14.77084792,-27.68222658,M,-7.96,34.51
355.6218518,-31.63364812,K,-0.6808563273073253,0.22362696511302643
75.33713418,3.54189016,A,0.9189775051124738,13.275911018388857
33.41052245,-20.79770776,A,0.9189775051124738,13.275911018388857
88.92200437,11.84981886,F,0.63,18.49
42.60254429,-16.3142012,G,1.5541858141858127,1.4605227901814972
73.27406388,2.22078644,B,-0.1975961538461539,24693.029699168907
81.68055172,7.508368,A,0.9189775051124738,13.275911018388857
99.43079546,17.56403091,A,0.71,38.07
117.7876245,25.44513157,K,-2.67,138.26
67.65772295,-1.38971373,K,-0.6808563273073253,0.22362696511302643
53.68336674,-10.10252865,M,-1.2799270072992703,0.021972455607761267
34.13004902,-20.50705793,A,0.48,24.12
25.24640302,-24.22247665,F,2.06,5.79
22.9780055,-25.06687159,K,5.78,0.04
73.65223768,2.42815911,K,1.81,10.6
17.40081744,-26.94132742,F,1.7449286314021815,2.6843617841590257
63.04259314,-4.36156774,K,-0.6808563273073253,0.22362696511302643
41.0148236,-17.19492598,G,3.42,0.85
55.38197615,-9.11735334,M,-1.2799270072992703,0.021972455607761267
85.08412916,9.53781001,A,-0.78,109.07
60.39322806,-6.05181456,G,1.5541858141858127,1.4605227901814972
325.829113,-31.88431888,A,0.77,31.41
96.82481449,16.18810604,G,-1.57,62.47
64.69726035,-3.33700783,F,2.05,3.48
114.84854,24.36994766,F,1.22,9.19
93.95596315,14.6393415,G,2.65,2.54
1.33957303,-30.84753783,G,1.5541858141858127,1.4605227901814972
6.32875131,-29.8837778,G,3.13,1.19
51.73781956,-11.32920848,F,1.52,8.48
83.33478873,8.45510356,F,0.03,26.91
47.99395754,-13.48455069,A,0.9189775051124738,13.275911018388857
347.24467737,-32.47373435,F,1.7449286314021815,2.6843617841590257
5.6620619,-30.03239097,G,2.38,2.42
70.2842663,0.21600758,F,1.7449286314021815,2.6843617841590257
56.10423257,-8.73285786,B,-0.1975961538461539,24693.029699168907
22.84960768,-25.17942643,K,-0.6808563273073253,0.22362696511302643
41.57798266,-16.96484128,B,-0.1975961538461539,24693.029699168907
345.55202012,-32.57046438,K,-6.55,3806.26
12.10530556,-28.52680436,K,-3.14,184.31
72.74972602,1.78124827,B,-2.52,656.44
335.34484549,-32.61165362,K,-0.6808563273073253,0.22362696511302643
73.47062152,2.23138414,M,-1.2799270072992703,0.021972455607761267
98.41878804,16.99465797,A,1.81,9.69
333.87061602,-32.55581683,B,-0.1975961538461539,24693.029699168907
56.93387198,-8.26445408,G,1.5541858141858127,1.4605227901814972
2.28704124,-30.72318743,M,-1.2799270072992703,0.021972455607761267
352.66929896,-32.07485818,F,1.7449286314021815,2.6843617841590257
56.61814755,-8.46899695,K,-0.6808563273073253,0.22362696511302643
6.60411919,-29.87565692,G,3.49,0.88
90.7552106,12.80625377,K,-0.6808563273073253,0.22362696511302643
82.45847351,7.86898675,A,0.9189775051124738,13.275911018388857
358.30579443,-31.38382913,F,1.7449286314021815,2.6843617841590257
80.75725912,6.81156112,G,-1.82,81.73
343.02000909,-32.6856964,F,3.1,1.54
79.78225296,6.19933497,A,1.16,49.57
359.44382517,-31.22320808,G,3.46,0.89
21.57812175,-25.70406258,G,1.93,3.72
346.27838655,-32.57781914,F,2.61,2.13
84.24831778,8.9436087,G,1.5541858141858127,1.4605227901814972
18.3904282,-26.76546506,K,-0.6808563273073253,0.22362696511302643
315.12763841,-30.23358121,F,1.7449286314021815,2.6843617841590257
71.69185888,1.03070783,B,-2.89,807.66
345.28493916,-32.63275809,F,1.63,5.89
98.41558471,16.95958561,A,2.01,6.86
8.95583407,-29.38624813,K,-0.6808563273073253,0.22362696511302643
44.12267254,-15.73140169,A,2.03,6.23
9.90154754,-29.16377723,M,6.54,0.01
53.85977447,-10.2030192,F,2.38,2.52
91.76194839,13.34542954,A,0.26,72.77
22.67849158,-25.3453134,K,-0.6,18.37
10.89358627,-28.92246091,G,2.39,2.48
8.68631788,-29.45909312,K,-0.6808563273073253,0.22362696511302643
79.73773811,6.12368025,G,1.5541858141858127,1.4605227901814972
356.44791682,-31.6908246,G,1.5541858141858127,1.4605227901814972
50.35468293,-12.28892667,F,2.21,3.53
81.50813783,7.21377122,K,-0.6808563273073253,0.22362696511302643
68.68814628,-0.95074474,G,1.5541858141858127,1.4605227901814972
69.22653664,-0.6096747,K,-0.6808563273073253,0.22362696511302643
324.3512961,-31.76769178,K,-1.37,48.1
88.4149793,11.38833054,M,-1.2799270072992703,0.021972455607761267
72.2916837,1.35890177,B,-0.29,187.52
48.6359209,-13.30103239,M,4.37,0.13
72.81193802,1.68415095,B,-0.1975961538461539,24693.029699168907
80.31375048,6.4531299,B,-0.1975961538461539,24693.029699168907
70.17812199,-0.01099012,B,-0.74,160.17
110.46845684,22.59388391,F,1.16,10.38
78.44584259,5.26640876,K,-1.79,60.95
41.30436768,-17.29535207,K,0.11,11.17
58.5605177,-7.41610053,B,-0.1975961538461539,24693.029699168907
342.04073896,-32.76878256,K,-0.6808563273073253,0.22362696511302643
327.93518291,-32.18166815,G,2.66,1.82
99.98704982,17.7230457,G,3.38,0.85
56.70748545,-8.57937181,M,-1.2799270072992703,0.021972455607761267
78.64319598,5.36942609,O,-1.0,80976.42962657007
62.33891679,-5.07156514,K,-0.6808563273073253,0.22362696511302643
35.61319197,-20.11643228,B,-0.05,129.83
94.76155564,14.96106276,G,1.5541858141858127,1.4605227901814972
76.22838702,3.8334155,B,-0.1975961538461539,24693.029699168907
81.14300394,6.93459452,G,-1.75,67.32
66.52697939,-2.40639352,A,2.11,6.81
1.21867092,-31.0380807,G,1.5541858141858127,1.4605227901814972
66.18726809,-2.6261001,B,-0.1975961538461539,24693.029699168907
104.37689656,19.86709979,K,-0.6808563273073253,0.22362696511302643
345.91869458,-32.67134787,G,1.08,7.66
0.19991576,-31.20950673,G,1.5541858141858127,1.4605227901814972
36.57573593,-19.68322315,G,1.5541858141858127,1.4605227901814972
60.51500501,-6.24490016,F,1.7449286314021815,2.6843617841590257
70.89766768,0.39111818,K,-1.05,36.79
23.72219046,-25.08541415,B,-0.1975961538461539,24693.029699168907
74.73850209,2.85294785,F,0.3,21.81
47.29569961,-14.16219826,F,1.7449286314021815,2.6843617841590257
74.89360067,2.9251266,B,-0.1975961538461539,24693.029699168907
65.69235463,-2.9872695,B,-0.1975961538461539,24693.029699168907
52.43865583,-11.21132199,B,-0.1975961538461539,24693.029699168907
60.04778042,-6.57161099,A,0.9189775051124738,13.275911018388857
329.5686336,-32.36041596,K,-4.84,885.82
59.78089521,-6.74417812,F,0.87,15.45
74.88177256,2.92836095,B,-0.1975961538461539,24693.029699168907
58.41551515,-7.60308143,A,0.9189775051124738,13.275911018388857
329.22011921,-32.33412464,F,1.7449286314021815,2.6843617841590257
48.01671352,-13.78500242,K,4.91,0.11
68.30465794,-1.33049689,K,-0.6808563273073253,0.22362696511302643
92.68544857,13.76559502,G,1.5541858141858127,1.4605227901814972
13.07536298,-28.50482158,K,3.78,0.54
114.09816589,24.03731777,F,1.7449286314021815,6.18
55.89954685,-9.16928234,G,2.57,2.07
81.88207101,7.33061127,K,-0.6808563273073253,0.22362696511302643
343.85484116,-32.79047138,G,2.85,1.81
80.87812387,6.70163689,G,-1.65,55.06
317.12366105,-30.66663136,K,-0.6808563273073253,0.22362696511302643
51.27996575,-11.93583635,K,-0.6808563273073253,0.22362696511302643
27.57175415,-23.69157893,K,-1.63,52.75
38.58687641,-18.79144151,A,0.9189775051124738,13.275911018388857
32.23383635,-21.74843178,G,-1.7,50.48
319.7880455,-31.14135229,K,-1.43,49.75
6.87817807,-30.02332633,K,-0.47,22.12
32.48032061,-21.64645432,B,-0.14,88.54
347.35231918,-32.65893326,F,1.7449286314021815,2.6843617841590257
51.02176958,-12.10596275,K,-1.07,38.9
26.87977211,-23.9843563,G,2.65,1.89
37.24160715,-19.46656964,G,1.5541858141858127,1.4605227901814972
323.34990708,-31.6876835,G,1.5541858141858127,1.4605227901814972
323.48487148,-31.70719051,A,0.9189775051124738,13.275911018388857
28.36064629,-23.40440233,K,-1.49,37.02
18.77881347,-26.86705517,F,2.78,2.15
11.37017264,-28.98817237,G,1.5541858141858127,1.4605227901814972
73.68405414,2.09228371,B,-0.1975961538461539,24693.029699168907
117.83587566,25.42580183,F,2.62,2.32
353.33650488,-32.19972479,F,1.77,6.38
51.62274333,-11.7798346,B,-0.1975961538461539,24693.029699168907
69.38046829,-0.69824595,G,-0.81,31.59
63.66986122,-4.37275419,G,1.5541858141858127,1.4605227901814972
326.49624,-32.08752704,F,1.7449286314021815,2.6843617841590257
87.90344,10.95532606,K,-0.6808563273073253,35.35
63.58170759,-4.4343606,G,1.98,5.03
329.77093463,-32.41381108,G,3.0,1.41
85.52095767,9.51715238,G,2.78,2.11
35.43519416,-20.36295973,A,1.43,10.51
61.47086925,-5.78280234,K,-0.53,22.89
64.95627874,-3.56477532,B,-0.1975961538461539,24693.029699168907
353.33495226,-32.21608477,K,2.81,1.34
74.17698496,2.37102348,B,-0.1975961538461539,24693.029699168907
24.57322514,-24.92257206,G,2.37,2.12
76.33898567,3.74926372,B,-0.91,524.79
27.22542671,-23.91752803,M,-1.2799270072992703,0.021972455607761267
52.96057929,-11.0449271,B,-0.22,165.81
337.06731344,-32.84210637,F,2.47,3.53
84.08909428,8.61853461,F,-0.24,44.56
41.88883544,-17.2265134,B,-0.1975961538461539,24693.029699168907
16.30983617,-27.6887906,G,1.5541858141858127,1.4605227901814972
110.37863393,22.50313289,A,-0.49,191.45
341.78161713,-32.89287827,K,-0.6808563273073253,0.22362696511302643
95.66781821,15.34419392,A,-0.39,115.78
67.01293735,-2.30393477,K,-0.6808563273073253,0.22362696511302643
62.56952589,-5.15184919,B,-0.1975961538461539,24693.029699168907
350.07343753,-32.5479744,F,2.44,4.0
8.58172067,-29.7426011,G,3.43,0.95
47.38673824,-14.30834265,B,-0.1975961538461539,24693.029699168907
2.1363458,-31.05252349,F,1.7449286314021815,2.6843617841590257
53.6697956,-10.67478462,B,-0.1975961538461539,24693.029699168907
43.56326298,-16.39780965,F,1.7449286314021815,2.6843617841590257
78.95153849,5.36811496,F,4.02,0.62
355.03186984,-32.08445691,F,1.7449286314021815,2.6843617841590257
92.31037435,13.45956677,M,-1.2799270072992703,0.021972455607761267
352.44608238,-32.3624312,K,-3.03,174.75
320.39743805,-31.28039242,F,1.97,4.33
343.86511186,-32.88104226,K,-0.76,25.52
16.0160004,-27.82950801,F,2.49,3.29
65.79202922,-3.1317771,A,0.9189775051124738,13.275911018388857
350.25580178,-32.55946351,F,1.7449286314021815,2.6843617841590257
74.14503957,2.26357099,G,1.5541858141858127,1.4605227901814972
57.04720593,-8.66022665,K,-2.83,126.38
69.30904969,-0.8714786,K,-0.6808563273073253,0.22362696511302643
71.43801345,0.49635756,B,-0.7,183.92
78.43289315,4.99871364,A,1.05,35.04
58.91313456,-7.5289808,K,-0.39,23.39
48.63799471,-13.67036104,B,-0.1975961538461539,24693.029699168907
72.75559793,1.33918951,B,-0.1975961538461539,24693.029699168907
107.18946189,21.07918605,F,1.65,7.07
8.20518725,-29.89060541,B,-0.1975961538461539,19.01
79.316766,5.54027305,K,-0.6808563273073253,0.22362696511302643
13.63836079,-28.55253373,G,-1.63,61.58
39.68262479,-18.48753877,F,2.31,4.02
14.16706614,-28.41531524,F,1.74,7.41
101.67087688,18.43756656,K,-2.69,139.9
64.27318536,-4.17231945,B,-0.1975961538461539,24693.029699168907
64.97342744,-3.72759299,G,2.83,2.04
90.31021229,12.25533137,K,-3.16,298.47
51.77101161,-11.90480727,B,-0.1975961538461539,24693.029699168907
4.68141906,-30.6571098,K,1.89,2.72
39.35889805,-18.66290757,A,0.9189775051124738,13.275911018388857
40.92200173,-17.87647221,K,-0.6808563273073253,0.22362696511302643
71.01416278,0.17169971,B,-0.1975961538461539,24693.029699168907
40.58609885,-18.05114601,K,-0.6808563273073253,0.22362696511302643
72.13018538,0.89309134,K,-0.6808563273073253,0.22362696511302643
7.6468951,-30.0491507,B,0.72,59.39
73.91481532,2.04405129,B,-2.46,2123.44
9.66958203,-29.59036625,K,-0.6808563273073253,0.22362696511302643
356.14896167,-32.02618499,K,-1.64,54.46
87.04540656,10.30126607,K,2.44,2.58
86.52488884,9.98573384,A,0.9189775051124738,13.275911018388857
72.99167458,1.43439582,O,-1.0,80976.42962657007
55.71886133,-9.57107,F,1.7449286314021815,2.6843617841590257
34.19322349,-21.16050861,K,-0.6808563273073253,0.22362696511302643
71.27799329,0.30508308,K,-5.4,842.91
14.44680671,-28.38654863,F,1.7449286314021815,2.6843617841590257
22.00359238,-26.03342641,F,2.32,4.47
68.37174475,-1.5831225,G,2.25,2.74
57.015627,-8.8025988,G,3.76,0.55
58.70936081,-7.75376384,A,0.04,52.35
310.71235974,-29.3186951,F,2.02,4.52
39.90851627,-18.44515819,A,1.42,7.53
94.20502105,14.44774447,F,1.77,7.44
28.43559087,-23.64201246,K,4.47,0.17
68.79833669,-1.31955137,G,0.03,14.1
71.05884454,0.14538877,A,0.9189775051124738,175.22
46.66890306,-14.88527415,K,-0.6808563273073253,0.22362696511302643
6.92017452,-30.25053395,K,-0.6808563273073253,0.22362696511302643
60.67664507,-6.5441074,B,-0.1975961538461539,24693.029699168907
57.90006253,-8.28162698,B,-0.1975961538461539,24693.029699168907
357.80566917,-31.85071553,F,1.7449286314021815,2.6843617841590257
108.96389485,21.84333456,G,-0.44,23.76
76.96006337,3.95053654,K,-0.6808563273073253,0.22362696511302643
39.23165118,-18.810222,K,4.2,0.23
24.33581918,-25.24060654,A,0.9189775051124738,13.275911018388857
69.91366613,-0.6184726,G,1.5541858141858127,1.4605227901814972
354.46003265,-32.27057986,K,1.46,4.0
20.40153626,-26.62313884,G,1.5541858141858127,1.4605227901814972
322.06583991,-31.59308851,K,-0.6808563273073253,0.22362696511302643
354.45345669,-32.281063,G,3.66,0.67
78.75393104,5.07612946,A,0.41,39.0
339.46249003,-33.01078542,K,-0.6808563273073253,0.22362696511302643
65.97644199,-3.19448293,M,-1.2799270072992703,0.021972455607761267
48.07052837,-14.15968557,M,-1.2799270072992703,0.021972455607761267
346.95612698,-32.87570932,G,3.63,0.68
5.23734342,-30.63782203,F,1.7449286314021815,2.6843617841590257
75.88998187,3.22368748,A,-0.44,54.73
81.18425983,6.60708271,B,-0.1975961538461539,24693.029699168907
3.5376505,-30.96841505,F,1.7449286314021815,2.6843617841590257
25.61975103,-24.8111786,B,-0.1975961538461539,24693.029699168907
12.37810558,-29.02131789,G,1.5541858141858127,2.24
60.57450942,-6.68506596,G,3.83,0.58
60.57299499,-6.68792185,F,2.27,4.25
64.48466952,-4.19816211,K,-0.6808563273073253,0.22362696511302643
358.57719419,-31.80345847,M,-1.2799270072992703,0.021972455607761267
95.1884484,14.93826003,G,4.3,0.28
6.03600011,-30.51529133,A,1.01,18.3
29.71492599,-23.22909727,F,1.7449286314021815,2.6843617841590257
332.73591208,-32.77947192,M,-1.2799270072992703,0.021972455607761267
74.09672997,2.01888855,B,-0.1975961538461539,24693.029699168907
8.1792816,-30.06513637,K,-0.6808563273073253,0.22362696511302643
66.79380867,-2.73005578,B,-0.1975961538461539,24693.029699168907
65.12953152,-3.81373963,M,-1.2799270072992703,0.021972455607761267
14.50453258,-28.495284,A,0.9189775051124738,13.275911018388857
356.19557601,-32.13874703,K,-1.73,67.09
17.10629229,-27.749592,A,0.0,27.59
31.39577345,-22.5527983,A,0.9189775051124738,13.275911018388857
49.80615815,-13.26254578,F,1.31,8.05
4.54969932,-30.83948798,K,-0.6808563273073253,0.22362696511302643
2.3679487,-31.23896712,K,-0.6808563273073253,0.22362696511302643
80.88614038,6.35322486,B,0.76,100.45
332.77682742,-32.79853082,A,0.94,25.68
73.45471694,1.5618381,B,-0.1975961538461539,24693.029699168907
354.46598686,-32.3552149,K,-0.6808563273073253,0.22362696511302643
10.71083148,-29.51048097,F,0.66,22.38
45.54253669,-15.67326688,A,0.9189775051124738,13.275911018388857
79.98464677,5.76646624,G,1.5541858141858127,2.67
101.4317464,18.22269237,F,0.46,24.05
314.81884383,-30.29573127,G,-1.66,63.09
352.16101285,-32.59386144,F,2.09,3.96
95.09054939,14.84621459,M,-4.88,0.021972455607761267
65.39501957,-3.69991474,A,0.9189775051124738,13.275911018388857
359.4007697,-31.74492593,F,1.28,8.15
10.32493793,-29.62902582,K,-0.6808563273073253,0.22362696511302643
22.18084285,-26.16625355,K,4.73,0.11
60.90061127,-6.5947384,G,2.39,2.73
89.72431804,11.74660462,G,2.18,3.77
85.00512886,8.88661238,F,2.15,5.24
56.44987226,-9.38990113,A,0.9189775051124738,13.275911018388857
23.33963599,-25.78419432,G,1.9,4.05
47.29922267,-14.76850509,F,2.64,3.05
64.53115853,-4.30145111,F,1.7449286314021815,2.6843617841590257
64.13661558,-4.55937891,A,0.9189775051124738,20.26
80.57835075,6.08942293,K,-0.6808563273073253,0.22362696511302643
36.4634922,-20.37511262,G,1.5541858141858127,1.4605227901814972
55.20374081,-10.17927838,M,-1.2799270072992703,0.021972455607761267
8.08100668,-30.19243721,K,-1.75,50.08
66.99135225,-2.73070612,B,-0.1975961538461539,24693.029699168907
68.53480933,-1.72826546,A,0.98,17.76
67.77214268,-2.22517445,B,-0.1975961538461539,24693.029699168907
87.22730524,10.21809833,M,-1.2799270072992703,0.021972455607761267
65.70939986,-3.56911589,A,-0.32,90.98
83.65963512,8.01641981,K,-2.93,196.9
353.49761054,-32.52248843,M,-1.2799270072992703,0.021972455607761267
323.35058736,-31.84743711,K,-0.6808563273073253,0.22362696511302643
1.64468241,-31.44579521,M,-1.2799270072992703,0.021972455607761267
71.35572293,0.09851179,B,-0.1975961538461539,24693.029699168907
50.7025022,-12.87936981,F,2.19,4.1
74.56292112,2.18307913,B,-0.1975961538461539,24693.029699168907
91.59687723,12.80413954,F,2.17,4.4
71.54718026,0.21065017,B,-0.78,271.22
71.35902367,0.0873523,B,-0.37,139.88
352.87374979,-32.59505932,K,-2.46,130.82
84.26099123,8.36229227,B,-0.1975961538461539,24693.029699168907
74.58103685,2.16778436,B,-0.1975961538461539,24693.029699168907
77.75871259,4.22592709,A,1.13,16.46
60.31152924,-7.07718984,B,-0.1975961538461539,24693.029699168907
87.53068705,10.36174332,K,-0.6808563273073253,0.22362696511302643
63.2639354,-5.21132094,G,2.48,2.47
83.32676131,7.7556108,B,-0.1975961538461539,24693.029699168907
62.89803374,-5.45398379,A,0.21,46.44
356.5587549,-32.2290865,A,1.49,12.14
109.96346901,22.20572464,K,4.52,0.14
79.33373661,5.20601822,B,-0.23,120.07
2.84245198,-31.30634069,G,1.5541858141858127,1.4605227901814972
9.47074706,-29.9600623,A,0.99,27.39
69.01090794,-1.51340026,B,-0.1975961538461539,24693.029699168907
46.37208875,-15.42038644,K,-0.6808563273073253,0.22362696511302643
117.26268366,25.16052065,F,0.14,32.13
62.14535267,-5.96338893,A,0.9189775051124738,13.275911018388857
101.43955601,18.15344533,B,-2.05,464.73
73.33860098,1.30380736,B,-0.1975961538461539,24693.029699168907
77.87163848,4.24656413,O,-1.0,80976.42962657007
70.74390729,-0.40658545,F,2.15,4.4
73.97218549,1.70087629,K,-0.6808563273073253,0.22362696511302643
331.94558623,-32.83306725,G,1.5541858141858127,1.4605227901814972
78.52915136,4.65827979,O,-1.0,80976.42962657007
77.53707084,4.01154171,K,-0.6808563273073253,0.22362696511302643
60.90040057,-6.78936167,K,-1.75,77.81
57.51517459,-8.91357107,K,-0.6808563273073253,0.22362696511302643
38.98376236,-19.32284141,K,-0.6808563273073253,0.22362696511302643
356.71661962,-32.25393993,A,0.56,28.56
70.28511979,-0.72605596,A,0.9189775051124738,13.275911018388857
36.60785581,-20.47539941,B,-0.58,124.47
350.07767496,-32.89902095,F,2.67,2.58
56.68132205,-9.44175745,K,3.8,0.51
340.0359397,-33.1958395,A,0.23,63.12
76.52559357,3.3363177,F,2.95,1.71
25.88915437,-25.03737631,K,-0.6808563273073253,0.22362696511302643
48.07716277,-14.54261434,M,-1.2799270072992703,0.021972455607761267
33.96789274,-21.7091114,B,-0.1975961538461539,24693.029699168907
38.06526935,-19.79908068,G,1.5541858141858127,1.4605227901814972
42.83870731,-17.39585871,A,0.9189775051124738,13.275911018388857
22.49780265,-26.27183576,K,-0.6808563273073253,0.22362696511302643
5.23723261,-30.92272856,K,-0.6808563273073253,0.29
59.41572637,-7.7707931,F,2.36,3.89
1.42334684,-31.61003121,F,1.7449286314021815,2.6843617841590257
57.27284653,-9.11924219,F,2.49,3.48
356.50235931,-32.31392403,G,-1.78,82.85
317.62551633,-30.92537529,K,-0.6808563273073253,0.22362696511302643
65.15299446,-4.11938305,F,2.64,2.15
25.02927157,-25.39060611,K,-0.6808563273073253,0.22362696511302643
78.41367358,4.52762379,B,-0.1975961538461539,24693.029699168907
42.2068613,-17.75476715,A,0.92,20.37
53.43077869,-11.46649262,A,0.9189775051124738,13.275911018388857
61.11423185,-6.71766319,B,-0.1975961538461539,24693.029699168907
41.57957396,-18.08410968,B,-0.1975961538461539,495.78
27.39817426,-24.499843,F,1.7449286314021815,2.6843617841590257
102.92775771,18.86989839,F,1.7449286314021815,2.6843617841590257
42.22300589,-17.75497519,F,0.69,15.71
50.20485588,-13.38118061,M,-1.2799270072992703,0.021972455607761267
13.58191801,-29.0370116,F,2.53,2.54
61.56503551,-6.44728965,B,-0.1975961538461539,24693.029699168907
332.38696173,-32.90557083,F,2.78,2.62
326.85743186,-32.37737201,B,2.03,16.12
35.56379183,-21.04443629,K,-0.6808563273073253,0.22362696511302643
47.44349337,-14.96710763,K,-0.6808563273073253,0.22362696511302643
20.75541005,-26.91721949,F,2.22,4.28
352.70610003,-32.74321372,F,1.7449286314021815,2.6843617841590257
75.79024543,2.79082436,K,-3.02,152.89
67.71366875,-2.49602338,M,-1.2799270072992703,0.021972455607761267
47.86654978,-14.74269003,K,-0.6808563273073253,0.22362696511302643
13.51760697,-29.07634408,K,-0.6808563273073253,0.22362696511302643
82.62217526,7.18686739,G,-1.6,68.4
27.04079614,-24.67620897,F,1.7449286314021815,2.6843617841590257
43.88164241,-16.92788422,M,-1.2799270072992703,0.021972455607761267
18.34958078,-27.69936654,A,0.9189775051124738,13.275911018388857
58.6975106,-8.30139564,F,2.26,3.62
43.34566798,-17.22181816,K,-0.6808563273073253,0.22362696511302643
331.57894502,-32.85798711,F,1.7449286314021815,2.6843617841590257
61.52278104,-6.52799853,K,-0.6808563273073253,0.22362696511302643
71.75130813,0.1184814,F,2.41,3.21
15.01750909,-28.69756311,G,2.06,2.98
95.82775691,15.07744095,F,1.04,10.73
22.58606829,-26.34226744,K,-0.6808563273073253,0.22362696511302643
82.80611135,7.27271019,F,1.7449286314021815,2.6843617841590257
56.26097063,-9.84739586,M,-1.2799270072992703,0.021972455607761267
75.86362283,2.79232143,G,1.5541858141858127,1.4605227901814972
55.42416948,-10.36290821,A,1.26,19.72
97.13620163,15.7909876,B,0.73,44.01
38.09456126,-19.92219195,B,-0.1975961538461539,24693.029699168907
38.09824745,-19.92192399,A,0.9189775051124738,13.275911018388857
328.96392767,-32.64166295,G,3.24,0.96
59.47600671,-7.88176805,A,2.02,11.23
337.1506987,-33.21107769,M,-1.2799270072992703,0.021972455607761267
75.71414354,2.66083035,B,1.16,33.32
30.87008033,-23.2214149,G,-0.61,22.73
77.0967806,3.55925697,B,-0.1975961538461539,24693.029699168907
45.54353274,-16.1271797,K,-0.6808563273073253,0.22362696511302643
346.34555347,-33.20928402,K,-0.6808563273073253,0.22362696511302643
65.78063175,-3.85298735,K,-5.71,2154.85
22.59212867,-26.39643452,K,-0.6808563273073253,0.22362696511302643
65.85909427,-3.81387053,B,-0.56,296.34
332.76577667,-32.9845749,A,0.9189775051124738,13.275911018388857
45.88086882,-15.96731248,A,1.98,8.72
65.45800743,-4.08325837,A,0.9189775051124738,13.275911018388857
67.72273426,-2.60829506,F,1.27,10.91
0.70110618,-31.85375527,F,1.7449286314021815,2.6843617841590257
60.33217179,-7.39255324,B,-0.1975961538461539,24693.029699168907
65.74446214,-3.91717217,B,-0.33,218.64
30.57702086,-23.39302301,K,-2.21,89.72
93.72552466,13.82990822,F,1.95,5.12
65.52931823,-4.07301195,B,-2.05,1145.3
72.22661294,0.31085684,A,0.83,22.98
49.37959898,-14.05416155,M,-1.2799270072992703,0.021972455607761267
63.37870462,-5.4727484,A,0.9189775051124738,13.275911018388857
21.49501539,-26.82669283,A,0.9189775051124738,13.275911018388857
16.10125762,-28.50223572,G,3.43,0.97
348.1657812,-33.16728343,F,2.21,3.45
94.13623028,14.05455834,A,-0.38,135.85
83.37441607,7.53958469,B,0.66,114.94
56.09136397,-10.07638068,B,-0.1975961538461539,24693.029699168907
51.42653606,-12.87936386,B,-0.1975961538461539,24693.029699168907
82.15741809,6.76010432,K,4.09,0.39
32.24581002,-22.71929144,A,1.14,19.14
326.16421193,-32.35672735,G,1.5541858141858127,1.4605227901814972
60.97550244,-7.02889568,A,0.5,25.94
49.48020616,-14.02037941,M,-1.2799270072992703,0.021972455607761267
352.03737079,-32.9192571,G,1.5541858141858127,1.4605227901814972
48.18355883,-14.75764684,K,-0.6808563273073253,0.22362696511302643
30.10072728,-23.64153854,M,5.77,0.03
317.17307274,-30.88779044,G,2.69,1.91
44.56428269,-16.76936044,K,-1.84,61.42
12.62910985,-29.48050891,K,-0.6808563273073253,0.22362696511302643
53.57604369,-11.64665996,K,-0.6808563273073253,0.22362696511302643
57.87901102,-9.01539705,B,-0.1975961538461539,24693.029699168907
75.14753543,2.18115079,K,-0.6808563273073253,0.22362696511302643
24.7935297,-25.72670005,K,-0.6808563273073253,0.22362696511302643
34.82031672,-21.62325229,F,1.81,5.41
312.84454277,-29.93770344,F,2.86,2.07
113.17542062,23.50159734,F,1.67,7.69
91.71495561,12.61343142,A,-0.09,59.14
72.56993898,0.46959081,K,-0.6808563273073253,0.22362696511302643
56.86238376,-9.67040765,G,-0.88,34.59
70.25535443,-1.0557767,A,2.21,6.1
355.12994439,-32.66087339,K,-0.6808563273073253,0.22362696511302643
70.92387509,-0.63339277,F,1.7449286314021815,2.6843617841590257
5.65792657,-31.09006257,M,-1.2799270072992703,0.021972455607761267
69.27345162,-1.72364531,A,0.9189775051124738,13.275911018388857
357.57144963,-32.39007044,K,-1.29,50.85
76.66107194,3.13214145,A,0.9189775051124738,13.275911018388857
30.40491387,-23.58897202,F,2.42,3.03
88.69392457,10.77636907,K,-0.6808563273073253,0.22362696511302643
72.63752367,0.48059161,K,-0.6808563273073253,0.22362696511302643
52.58199265,-12.3056694,K,-0.6808563273073253,0.22362696511302643
333.60261968,-33.11259481,K,-0.6808563273073253,0.22362696511302643
52.6919775,-12.26332928,A,0.9189775051124738,13.275911018388857
86.59760639,9.4715179,K,-1.73,61.56
77.12466869,3.40377353,O,-1.0,80976.42962657007
64.90247043,-4.6261266,F,2.14,4.41
33.29079054,-22.39243547,A,0.9189775051124738,13.275911018388857
339.32310046,-33.37706741,K,-1.71,61.9
54.96946605,-10.90877389,B,-0.1975961538461539,24693.029699168907
43.29761163,-17.55621703,B,-0.1975961538461539,85.43
99.85203147,17.14603453,K,-1.62,51.9
33.91708223,-22.13295341,K,3.92,0.26
36.52620534,-20.94334898,A,0.78,37.1
54.77279574,-11.04740934,K,-0.06,12.67
71.47746326,-0.33941744,B,-0.43,163.35
7.29207486,-30.81912363,G,3.68,0.66
19.2897387,-27.69738019,A,1.26,19.92
29.85190788,-23.88743628,K,3.97,0.31
66.95345763,-3.3309553,A,0.9189775051124738,13.275911018388857
348.66484138,-33.24826035,F,1.6,7.85
72.88835934,0.57710377,K,-1.05,31.77
32.19809392,-22.91754639,K,-0.6808563273073253,0.22362696511302643
68.34806584,-2.423405,G,1.5541858141858127,1.4605227901814972
83.14710638,7.2570591,F,1.7449286314021815,2.6843617841590257
46.65525369,-15.79675414,B,-0.1975961538461539,24693.029699168907
70.5030885,-1.00917769,K,-0.6808563273073253,0.22362696511302643
56.16084865,-10.23876634,K,-0.6808563273073253,0.22362696511302643
17.84119565,-28.16913838,K,-0.6808563273073253,0.22362696511302643
39.73733262,-19.43438327,A,0.59,24.67
6.67781968,-30.9790862,K,-0.6808563273073253,0.22362696511302643
6.68300544,-30.9791055,G,1.5541858141858127,1.4605227901814972
56.82797397,-9.84517924,F,2.02,4.22
37.05900518,-20.75961086,G,1.5541858141858127,1.4605227901814972
19.7876526,-27.59394914,G,1.36,4.72
59.78337727,-8.0090778,K,-0.6808563273073253,0.22362696511302643
35.50893915,-21.48878709,K,-1.47,54.76
1.35655871,-31.95293153,F,1.7449286314021815,2.6843617841590257
16.35783239,-28.63869152,K,-0.6808563273073253,0.22362696511302643
77.54553397,3.58929249,A,1.05,28.71
338.52810854,-33.4082853,A,0.9189775051124738,13.275911018388857
350.25595955,-33.19399852,G,1.5541858141858127,1.4605227901814972
66.32304132,-3.81192504,B,-0.24,174.29
60.98866266,-7.27069035,B,-0.1975961538461539,24693.029699168907
79.32397041,4.73933744,A,0.71,32.02
9.12896512,-30.49496895,G,1.5541858141858127,1.4605227901814972
11.57725169,-29.92705104,G,3.19,1.11
69.00182917,-2.06869783,G,1.5541858141858127,1.4605227901814972
53.17938052,-12.12359821,K,-1.74,68.75
42.25541786,-18.23908203,K,-4.25,278.19
84.70448624,8.17319743,B,-0.1975961538461539,24693.029699168907
340.08546419,-33.46615957,G,3.22,1.26
17.80316889,-28.26679952,B,-0.1975961538461539,24693.029699168907
74.23093219,1.35257627,A,0.9189775051124738,13.275911018388857
45.26640949,-16.67630675,K,4.49,0.16
41.64658065,-18.59711528,K,-4.93,634.65
21.45773315,-27.13832888,A,0.9189775051124738,13.275911018388857
46.33225565,-16.11351578,K,-0.6808563273073253,0.22362696511302643
311.53101841,-29.65113002,K,3.82,0.48
64.87924418,-4.83176897,K,-0.6808563273073253,0.22362696511302643
20.80891688,-27.36203129,A,0.9189775051124738,13.275911018388857
351.03475652,-33.19369346,K,-0.6808563273073253,0.22362696511302643
64.64819113,-4.9908814,M,-1.2799270072992703,0.021972455607761267
82.70755048,6.86481025,A,-1.95,355.91
104.18311876,19.30876868,F,0.61,22.35
112.38818937,23.1197393,K,-5.15,825.18
5.11284277,-31.38732336,K,4.28,0.3
85.95188256,8.91953271,K,-0.6808563273073253,0.22362696511302643
52.28539961,-12.73518617,B,-0.1975961538461539,24693.029699168907
60.17876175,-7.88070891,F,1.7449286314021815,2.6843617841590257
73.30975937,0.70471023,K,-0.6808563273073253,0.22362696511302643
105.86775428,20.13632587,F,1.56,9.62
75.10161865,1.88568505,M,-1.2799270072992703,0.021972455607761267
75.95498094,2.44519589,B,-0.1975961538461539,24693.029699168907
47.43318048,-15.54107951,A,2.02,10.63
27.68114175,-24.9337812,K,4.16,0.38
328.43951876,-32.74861526,M,-1.2799270072992703,0.021972455607761267
80.18358534,5.21324018,A,-0.02,85.77
91.07897288,12.05765415,A,0.63,39.2
358.82597309,-32.41427767,A,0.9189775051124738,13.275911018388857
72.93821312,0.44288017,K,-0.6808563273073253,0.22362696511302643
63.16057091,-5.99335195,A,1.34,30.23
55.4511573,-10.85755736,K,-1.36,53.69
2.75730302,-31.82827451,G,1.5541858141858127,1.4605227901814972
353.56793447,-33.01507589,G,2.23,3.06
89.83504792,11.29693141,K,-2.37,133.1
94.66330576,14.15614882,K,-4.12,342.91
74.34333223,1.35809781,G,1.5541858141858127,1.4605227901814972
41.49281648,-18.75310646,G,3.23,1.11
351.77358873,-33.18136917,K,-2.78,151.98
73.9406229,1.071608,B,-0.1975961538461539,24693.029699168907
2.65732281,-31.8698241,F,1.74,6.33
64.08074169,-5.43476191,B,-0.1975961538461539,24693.029699168907
57.06863797,-9.90330661,M,-1.2799270072992703,0.021972455607761267
354.29414537,-32.97022939,A,0.91,45.56
88.57435646,10.500245,B,0.86,43.65
66.96820151,-3.55575475,A,1.1,18.93
83.87193604,7.54428327,A,1.56,17.26
82.6756992,6.77684018,K,-0.6808563273073253,3531.62
82.65281943,6.75771316,B,-0.66,523.01
66.61716485,-3.80194651,F,1.56,6.62
355.45780209,-32.86897158,F,1.7449286314021815,2.6843617841590257
63.85289445,-5.61190477,A,1.1,16.05
88.11971753,10.20698512,F,2.69,2.64
7.61980083,-30.96846905,K,-1.42,56.48
58.71928096,-8.90682042,K,-0.6808563273073253,0.22362696511302643
335.20813423,-33.35788851,B,-0.31,180.0
346.38382583,-33.50104068,K,-0.6808563273073253,0.22362696511302643
79.85208309,4.9285346,K,-4.29,356.6
51.370387,-13.38616796,K,2.93,1.47
305.23798779,-27.87450234,G,2.62,2.36
77.72698311,3.52795324,B,-0.1975961538461539,24693.029699168907
56.99850307,-9.99492209,F,2.35,3.34
28.9679179,-24.52466512,K,-0.6808563273073253,0.22362696511302643
86.51233182,9.18552558,A,0.91,19.27
328.19276923,-32.76261906,F,1.7449286314021815,2.6843617841590257
342.85378763,-33.58049332,F,1.7449286314021815,2.6843617841590257
5.43707715,-31.43025916,F,1.7449286314021815,2.6843617841590257
351.89528702,-33.22116943,K,3.79,0.44
84.54487521,7.92962133,A,0.9189775051124738,13.275911018388857
107.46335802,20.86309757,K,0.74,7.43
81.09432673,5.70736424,G,3.51,0.62
54.62262475,-11.48511667,M,5.39,0.04
96.94479876,15.39892861,F,2.13,4.81
354.80689378,-32.97281762,M,5.32,0.05
57.67770859,-9.6183542,G,2.89,1.68
348.66754299,-33.43907245,A,0.9189775051124738,13.275911018388857
76.34251404,2.57318803,A,0.87,26.5
63.65806915,-5.80912835,K,-0.6808563273073253,0.22362696511302643
38.63100411,-20.30695377,A,0.9189775051124738,13.275911018388857
108.27569039,21.23697416,M,-1.2799270072992703,0.021972455607761267
26.48304041,-25.5486641,G,3.05,1.53
332.44498465,-33.19805978,G,2.18,2.8
25.45024398,-25.934556,G,1.03,6.23
41.87443046,-18.69828517,K,-0.6808563273073253,0.33
6.98604344,-31.16408727,K,-0.6808563273073253,0.22362696511302643
57.63272282,-9.67318872,A,0.75,33.79
33.54002068,-22.67633474,A,1.71,13.32
90.59009555,11.66285033,A,0.9189775051124738,22.64
318.43267038,-31.25362891,F,1.66,9.03
62.20381745,-6.78929662,A,0.9189775051124738,13.275911018388857
4.79208387,-31.60088032,K,-0.6808563273073253,0.22362696511302643
74.23014723,1.13545714,B,-1.79,486.97
38.15755305,-20.57206465,F,1.7449286314021815,2.6843617841590257
351.03093879,-33.32952211,G,1.5541858141858127,1.4605227901814972
355.98379087,-32.89056487,F,2.26,3.66
334.08233671,-33.33418176,K,-1.88,70.76
331.08942501,-33.0956144,F,1.7449286314021815,2.6843617841590257
100.49023619,17.310772,K,-0.6808563273073253,0.22362696511302643
48.66960581,-15.06919365,G,2.39,2.52
71.80794447,-0.49307514,B,-0.03,90.35
48.68139785,-15.06535907,G,2.15,2.91
22.80443507,-26.91592658,K,-0.6808563273073253,0.22362696511302643
98.39559613,16.16732944,G,1.0,6.0
89.55589758,11.00455357,A,0.9189775051124738,13.275911018388857
29.72571899,-24.3368373,G,1.5541858141858127,1.4605227901814972
2.97065016,-31.9437714,F,1.7449286314021815,2.6843617841590257
350.79975925,-33.36191526,F,1.7449286314021815,2.6843617841590257
68.45238354,-2.73307094,B,-0.1975961538461539,24693.029699168907
73.21179817,0.42188387,F,2.29,3.27
67.65713315,-3.26925697,A,-0.15,57.91
10.62679221,-30.42816254,G,3.32,1.04
49.99853834,-14.34073822,A,0.9189775051124738,13.275911018388857
70.41488855,-1.44781625,B,-1.6,280.82
56.24082568,-10.61373998,A,1.45,19.52
49.45884943,-14.65555731,G,1.26,5.32
352.08511961,-33.28785837,F,1.7449286314021815,2.6843617841590257
20.92251096,-27.57743185,F,1.21,9.81
68.9024781,-2.46255582,B,-0.39,354.88
346.12512461,-33.60149891,K,-4.43,575.4
42.85347249,-18.28729942,F,1.17,11.99
78.8491774,4.12899874,B,-0.1975961538461539,24693.029699168907
13.14120898,-29.84083178,M,-1.2799270072992703,0.021972455607761267
79.83874963,4.77605273,K,-0.6808563273073253,0.22362696511302643
357.31261375,-32.78941913,K,-0.6808563273073253,0.22362696511302643
37.04229099,-21.19122367,F,1.7449286314021815,2.6843617841590257
53.4489171,-12.35031849,K,-0.6808563273073253,0.22362696511302643
42.72555583,-18.37751209,M,-1.2799270072992703,0.021972455607761267
73.44992454,0.53417379,B,-0.1975961538461539,24693.029699168907
334.32978316,-33.38812834,M,-1.2799270072992703,0.021972455607761267
113.2792413,23.44727695,B,-0.1975961538461539,31.33
77.37357943,3.13765119,B,-0.1975961538461539,24693.029699168907
3.98178134,-31.82197686,F,2.87,2.27
332.974074,-33.29170572,F,1.02,15.24
25.06592705,-26.19523244,K,-0.13,13.57
35.86403797,-21.75747706,M,5.2,0.06
29.40888596,-24.54035109,A,0.9189775051124738,13.275911018388857
60.92744471,-7.72293689,G,1.5541858141858127,1.4605227901814972
64.46641287,-5.43856419,B,-0.1975961538461539,24693.029699168907
74.9010606,1.47935723,O,-1.0,80976.42962657007
74.4479051,1.17151467,A,1.27,16.26
51.63498613,-13.47423417,F,1.7449286314021815,2.6843617841590257
331.76603529,-33.20556766,A,0.53,34.34
27.9048551,-25.16181665,F,2.71,2.31
103.9871274,19.09200731,F,3.69,0.69
89.393072,10.83509404,A,1.02,23.26
324.42418485,-32.33351743,K,-0.6808563273073253,0.22362696511302643
74.41704232,1.12033807,K,-0.6808563273073253,0.22362696511302643
93.24331728,13.14955338,K,-2.61,114.06
113.32739249,23.45626967,A,0.83,18.63
71.31778693,-0.9576408,G,-0.94,33.81
83.59421633,7.15068247,K,-1.6,56.53
23.93523873,-26.66148287,K,-0.6808563273073253,0.22362696511302643
62.79894585,-6.58656453,F,2.14,4.81
339.87601989,-33.67878729,G,1.5541858141858127,1.4605227901814972
83.37170374,6.99674369,B,0.56,97.0
62.7917646,-6.59793282,K,-0.6808563273073253,0.22362696511302643
85.3080879,8.236748,B,-0.1975961538461539,24693.029699168907
62.08450045,-7.06065756,K,-0.6808563273073253,0.22362696511302643
66.13299563,-4.41866052,G,1.5541858141858127,1.4605227901814972
32.38088522,-23.39720224,K,-1.84,53.02
101.15701226,17.59292935,F,1.7449286314021815,2.6843617841590257
59.11410458,-8.97577618,K,4.97,0.22362696511302643
50.8446037,-14.01503391,M,-1.2799270072992703,0.021972455607761267
332.04578383,-33.25977514,K,-0.6808563273073253,0.22362696511302643
31.64757,-23.72175439,B,-0.1975961538461539,24693.029699168907
52.20980708,-13.22031983,A,0.71,50.5
41.7279935,-19.01878006,K,-0.6808563273073253,0.22362696511302643
45.91115393,-16.81607261,K,-1.3,52.3
356.14186418,-33.01518535,G,1.77,4.28
26.49191732,-25.78083148,K,-0.6808563273073253,0.22362696511302643
71.21406447,-1.07637016,B,0.41,61.46
50.99986826,-13.94836501,M,-1.2799270072992703,0.021972455607761267
340.68204631,-33.72062942,F,2.45,6.08
69.84772046,-1.99659966,B,-0.1975961538461539,24693.029699168907
105.65099425,19.8966046,M,-4.8,0.021972455607761267
356.59345772,-32.98464427,A,0.9189775051124738,13.275911018388857
54.51494861,-11.88655764,K,1.11,16.59
348.10986581,-33.64676164,F,1.7449286314021815,2.6843617841590257
343.65953591,-33.75686568,F,2.61,2.54
23.15307716,-27.0244311,F,1.7449286314021815,2.6843617841590257
29.93214535,-24.49985586,K,-2.59,114.58
69.36970059,-2.36493578,A,0.9189775051124738,13.275911018388857
78.25618394,3.56336136,B,-0.1975961538461539,24693.029699168907
92.74695559,12.78165357,G,-1.96,83.59
39.55065376,-20.19652554,F,1.7449286314021815,2.6843617841590257
39.55449097,-20.19823414,F,1.86,6.5
18.4248247,-28.56835436,G,1.5541858141858127,1.4605227901814972
90.42185898,11.36633712,K,-2.85,203.37
48.57957613,-15.42769911,M,-1.2799270072992703,0.021972455607761267
72.61665605,-0.21486504,A,0.19,17.01
76.02230619,2.06067698,B,-0.1975961538461539,24693.029699168907
89.12319639,10.55751876,M,-1.2799270072992703,637.53
26.42321791,-25.89322222,K,-2.81,109.78
65.18762282,-5.17052486,B,-2.08,3330.55
15.62397469,-29.39443916,K,3.75,0.44
81.86579801,5.91161649,A,1.02,43.61
81.99015276,5.99051998,B,0.27,137.65
336.33817472,-33.61436615,K,-0.6808563273073253,0.22362696511302643
34.36884407,-22.66563092,K,-0.6808563273073253,0.22362696511302643
68.89535697,-2.73502148,K,-1.07,34.96
331.29221962,-33.24486192,G,1.5541858141858127,1.4605227901814972
97.95149344,15.7733979,G,2.48,2.05
59.18322515,-9.08165898,F,2.16,3.72
28.54275934,-25.12060826,F,3.16,1.37
40.30731466,-19.88056399,K,-0.6808563273073253,0.22362696511302643
66.82614978,-4.12059543,F,1.7449286314021815,2.6843617841590257
22.65076339,-27.27320938,A,0.9189775051124738,13.275911018388857
37.64967255,-21.1788737,A,0.09,46.05
79.20298642,4.13336227,B,-0.1975961538461539,24693.029699168907
80.54110891,5.01640023,F,1.7449286314021815,2.6843617841590257
71.98709297,-0.6839022,G,-1.69,56.28
52.00067392,-13.49954104,F,2.25,4.15
14.04314916,-29.8518246,G,1.5541858141858127,1.4605227901814972
91.49636017,11.97995193,A,0.9189775051124738,13.275911018388857
80.66208054,5.08468792,M,-4.25,0.021972455607761267
55.05824757,-11.68022414,K,-0.6808563273073253,0.22362696511302643
83.66875845,7.04555856,K,-0.6808563273073253,5828.89
35.74129024,-22.09128354,A,-0.44,67.36
327.01956969,-32.77665545,M,-1.2799270072992703,0.021972455607761267
0.89603176,-32.52444294,G,2.03,3.87
63.66454616,-6.23277802,G,-2.13,109.49
63.46905328,-6.36152446,G,1.5541858141858127,1.4605227901814972
27.47163549,-25.57181466,F,2.78,2.62
103.29660655,18.64858345,F,2.53,2.36
45.48586835,-17.23439159,F,-0.45,44.76
56.61500905,-10.74835782,B,-0.1975961538461539,24693.029699168907
90.41929351,11.29996578,K,-0.6808563273073253,0.22362696511302643
79.19235382,4.07893605,F,1.7449286314021815,9.66
49.95790305,-14.75459973,A,1.49,14.72
80.27507948,4.78135098,F,1.7449286314021815,2.6843617841590257
99.46111375,16.57315611,F,1.07,8.91
69.53818186,-2.39755444,A,0.9189775051124738,13.275911018388857
358.20226715,-32.92485809,G,0.14,10.61
55.26363877,-11.62289308,B,-0.1975961538461539,24693.029699168907
47.15254411,-16.36765815,F,2.44,2.91
69.95622156,-2.12204246,F,1.87,4.52
40.50550304,-19.87922626,A,1.72,10.01
85.8218519,8.38469287,A,0.8,30.26
110.84965289,22.31249936,K,-1.81,68.86
44.75492479,-17.68208425,M,-1.2799270072992703,0.021972455607761267
56.53814711,-10.85312485,A,1.97,7.32
67.10828437,-4.03647353,K,-3.53,271.63
87.76237089,9.60002371,K,-2.74,169.61
6.09129285,-31.72064154,F,1.7449286314021815,2.6843617841590257
353.3641527,-33.44661185,K,-0.6808563273073253,0.22362696511302643
12.3797666,-30.36442897,K,-4.73,685.91
79.73537037,4.37910963,M,4.65,0.1
11.62009302,-30.55601936,K,-0.6808563273073253,0.22362696511302643
3.30482855,-32.22851433,F,1.7449286314021815,2.6843617841590257
31.70727902,-23.9831977,K,-0.6808563273073253,0.22362696511302643
15.94646378,-29.45653683,G,1.5541858141858127,1.4605227901814972
84.33489974,7.38194423,A,1.55,14.11
1.54725917,-32.51691402,K,0.76,6.9
357.66990312,-33.04214949,G,3.0,1.45
81.92462628,5.79616316,F,2.12,4.47
44.87597662,-17.69893351,M,-1.2799270072992703,0.021972455607761267
8.7332742,-31.23711968,F,1.6,3.94
27.07696634,-25.8611598,A,2.41,5.08
76.35513887,2.0837763,A,0.66,51.53
47.13072815,-16.49306492,G,0.28,12.26
341.24321757,-33.89082606,A,0.9189775051124738,13.275911018388857
334.44584383,-33.59254421,G,1.5541858141858127,1.4605227901814972
35.62577463,-22.32840925,B,-0.1975961538461539,24693.029699168907
75.24997422,1.3221575,B,-0.1975961538461539,24693.029699168907
96.46641719,14.82362147,F,3.32,1.18
33.82083027,-23.14427408,M,-1.2799270072992703,0.021972455607761267
19.16953135,-28.58724525,K,-0.6808563273073253,0.22362696511302643
309.24076473,-29.12252159,G,3.84,0.55
19.51895721,-28.48180311,G,-1.12,35.79
359.8021987,-32.81440783,F,1.7449286314021815,2.6843617841590257
78.09130306,3.20570703,B,-0.1975961538461539,24693.029699168907
344.55664131,-33.91925058,G,1.5541858141858127,1.4605227901814972
359.22705227,-32.89946284,K,-0.6808563273073253,0.22362696511302643
92.31692247,12.3491595,K,-0.6808563273073253,0.22362696511302643
87.37012384,9.27076431,B,-0.65,200.13
339.37121471,-33.86952722,K,-0.6808563273073253,0.22362696511302643
3.7603063,-32.23331089,A,0.9189775051124738,13.275911018388857
52.67802203,-13.35510693,F,2.82,2.0
61.96477399,-7.56798883,K,-1.13,46.32
61.07891025,-8.14139791,A,0.9189775051124738,13.275911018388857
62.54750329,-7.19376379,K,-2.74,131.93
41.05104817,-19.78849925,M,5.43,0.05
66.077402,-4.88174588,G,-1.4,49.3
31.11956024,-24.35183122,B,0.55,54.6
347.97440392,-33.86273355,K,4.15,0.33
5.0921184,-32.02267855,M,-6.93,652.91
53.81184045,-12.70834137,M,-1.2799270072992703,0.021972455607761267
102.57395531,18.17869765,F,3.25,1.28
62.65008174,-7.14972527,F,-0.68,67.95
68.28754216,-3.4256059,A,0.9189775051124738,13.275911018388857
41.5921484,-19.53437738,K,-2.5,101.26
6.53866589,-31.76459452,F,2.33,4.26
67.16056674,-4.18350461,A,0.9189775051124738,13.275911018388857
65.57258758,-5.23914222,K,0.86,18.37
74.87120317,0.98924552,B,-0.1975961538461539,24693.029699168907
1.51828474,-32.62373987,F,1.7449286314021815,2.6843617841590257
314.84798892,-30.60864326,F,2.16,3.99
15.09461703,-29.83792095,G,1.5541858141858127,1.4605227901814972
61.83251589,-7.72213709,A,-0.5,106.74
87.73653377,9.44546955,B,0.44,71.71
353.98476423,-33.52611936,F,1.7449286314021815,2.6843617841590257
81.78043393,5.57715467,K,-3.85,300.9
17.14357557,-29.28899794,G,1.5541858141858127,1.4605227901814972
35.9637951,-22.30981725,G,3.12,1.38
1.40529468,-32.67255076,K,-0.6808563273073253,0.22362696511302643
6.72994583,-31.76990406,G,3.56,0.78
52.06142746,-13.82294047,K,-0.6808563273073253,0.22362696511302643
67.8080569,-3.8058571,B,0.07,108.55
73.57596988,0.06967207,B,-0.1975961538461539,24693.029699168907
76.42304878,1.98493115,B,-0.1975961538461539,24693.029699168907
338.09705825,-33.87232183,G,3.74,0.6
337.41942057,-33.84172304,F,1.7449286314021815,2.6843617841590257
28.29071249,-25.58587809,K,-1.2,35.12
44.11699098,-18.31891354,K,-0.6808563273073253,0.22362696511302643
3.83272961,-32.31751141,F,1.7449286314021815,2.6843617841590257
49.00659362,-15.63331847,M,-1.2799270072992703,0.021972455607761267
64.60670469,-5.96547899,G,-2.62,158.17
22.31931602,-27.73501075,F,1.7449286314021815,2.6843617841590257
71.03092344,-1.68099713,B,-0.1975961538461539,24693.029699168907
77.1002619,2.40870366,A,0.9189775051124738,13.275911018388857
90.87781091,11.37633964,K,-3.2,224.33
39.7711601,-20.55949164,F,1.62,6.15
359.92196276,-32.92051752,F,2.44,3.49
58.83309876,-9.72198721,K,-0.6808563273073253,0.22362696511302643
319.57991533,-31.66354096,F,1.7449286314021815,2.6843617841590257
80.42282721,4.62040501,A,0.0,46.95
66.60971697,-4.66008886,A,0.91,25.94
36.58012041,-22.09644962,K,-0.6808563273073253,0.22362696511302643
71.64689883,-1.28948893,G,3.35,1.05
66.05564497,-5.04052103,K,-0.6808563273073253,0.22362696511302643
85.96608348,8.25026628,G,3.97,0.51
9.52153915,-31.25777982,G,2.92,1.45
70.31859029,-2.18961551,A,0.58,60.73
77.66691513,2.763551,K,-6.82,0.22362696511302643
49.33913309,-15.48589307,K,3.58,0.37
337.4626167,-33.87505138,K,-0.6808563273073253,0.22362696511302643
32.53059203,-23.90773568,G,3.81,0.59
57.93690064,-10.31521905,K,-0.6808563273073253,0.22362696511302643
322.6148585,-32.23334727,K,-0.6808563273073253,0.22362696511302643
72.50694663,-0.72169098,B,-0.64,255.07
69.24253302,-2.92173587,G,3.08,1.35
78.88141536,3.57012138,K,-0.54,19.52
338.65081118,-33.93234726,G,1.5541858141858127,1.4605227901814972
59.29543989,-9.46105178,A,1.88,12.45
41.92886705,-19.51580752,A,0.9189775051124738,13.275911018388857
75.44649049,1.25419164,B,-0.1975961538461539,24693.029699168907
11.10873797,-30.92328314,G,-1.47,45.66
49.483832,-15.42700713,M,-1.2799270072992703,0.021972455607761267
24.96654432,-26.88064443,A,0.87,21.56
51.16326368,-14.45500909,F,1.61,9.56
74.02061379,0.28489525,A,0.9189775051124738,13.275911018388857
91.63887724,11.81461885,K,-0.41,21.67
46.52486608,-17.09882656,A,0.9189775051124738,13.275911018388857
105.98867845,19.88586302,F,1.21,10.33
69.18805835,-3.00689248,B,-0.1975961538461539,24693.029699168907
62.04320572,-7.74483686,A,0.9189775051124738,13.275911018388857
335.9261719,-33.8165952,K,-0.6808563273073253,0.22362696511302643
328.1421724,-33.08005645,A,1.8,9.39
57.19985363,-10.84059995,B,0.3,109.58
60.21575008,-8.93695523,F,1.51,12.71
77.88543826,2.84458601,B,-0.55,164.55
64.3102427,-6.27942651,A,0.9189775051124738,13.275911018388857
68.20402023,-3.68993166,A,1.63,13.62
23.38992998,-27.49371235,K,-0.6808563273073253,0.22362696511302643
9.27483169,-31.39008702,G,2.66,2.05
44.309103,-18.3658341,F,1.9,5.19
323.90552074,-32.47920385,K,-0.6808563273073253,0.22362696511302643
333.48087715,-33.65668471,K,-0.6808563273073253,0.22362696511302643
4.93381569,-32.24018587,A,2.23,10.27
96.23589513,14.52760538,K,-1.94,69.76
343.84602324,-34.088809,F,0.89,14.66
75.9498389,1.49942672,B,-0.1975961538461539,24693.029699168907
54.06786786,-12.83163044,B,1.85,22.59
56.32797904,-11.44971444,M,-1.2799270072992703,0.021972455607761267
41.18798562,-20.01683066,K,-0.27,21.96
77.07989674,2.25320469,B,-1.52,467.34
27.70157675,-25.98986662,A,1.78,8.99
29.60699786,-25.25909812,A,0.9189775051124738,13.275911018388857
79.68516615,3.99131964,K,-0.6808563273073253,0.22362696511302643
100.46000471,16.91508465,G,3.23,1.24
68.43390602,-3.61559939,G,1.5541858141858127,62.77
81.50035466,5.19502324,F,2.2,3.67
67.57945934,-4.20424712,B,-0.1975961538461539,24693.029699168907
67.91851394,-3.97979328,A,0.9189775051124738,13.275911018388857
86.76486241,8.63704124,K,0.68,8.16
348.4187539,-34.03787148,K,-0.6808563273073253,0.22362696511302643
13.18305386,-30.56456886,M,-1.2799270072992703,0.021972455607761267
37.08624688,-22.0648242,G,1.5541858141858127,1.4605227901814972
63.45402954,-6.95977876,F,1.7449286314021815,2.6843617841590257
31.0886092,-24.70435027,G,-4.27,651.39
94.64418403,13.5418007,K,-0.6808563273073253,0.22362696511302643
76.55910537,1.84554487,G,1.5541858141858127,1.4605227901814972
354.81951725,-33.6439156,K,-0.6808563273073253,0.22362696511302643
34.70997282,-23.17220878,G,1.5541858141858127,1.4605227901814972
50.31649689,-15.15470826,K,-0.6808563273073253,0.22362696511302643
2.05995182,-32.78953067,M,-1.2799270072992703,0.021972455607761267
60.15591288,-9.12720809,F,1.84,5.43
346.78126522,-34.1080161,F,1.66,6.41
353.95016165,-33.73063952,K,-0.27,13.27
77.87186613,2.71353969,G,-0.02,29.79
16.98013247,-29.59737239,K,-0.6808563273073253,0.22362696511302643
104.97133138,19.30800817,A,1.55,11.5
82.810749,6.0167392,G,2.04,3.17
70.94198166,-1.98633465,K,-0.4,23.32
8.01299982,-31.75563513,G,2.51,2.62
104.39861108,19.00855964,F,1.63,5.63
75.82681362,1.31944518,B,-0.1975961538461539,24693.029699168907
0.80559128,-32.99000032,F,1.61,10.96
89.48221574,10.3303834,F,1.86,5.79
26.24380421,-26.64345037,K,-0.6808563273073253,0.08
94.2113711,13.24554261,M,-1.2799270072992703,0.021972455607761267
88.78750553,9.88198581,F,1.73,6.14
48.2721364,-16.37467661,F,2.13,5.15
72.57773953,-0.91431459,M,-7.78,588.4
89.2402238,10.16322948,M,-1.2799270072992703,0.021972455607761267
20.64431199,-28.5538837,G,1.5541858141858127,1.4605227901814972
35.51450637,-22.87660235,G,-1.21,39.27
91.11561134,11.33726371,G,2.09,3.52
57.42138278,-10.92753375,K,-0.6808563273073253,0.22362696511302643
345.78754398,-34.16578063,G,0.77,11.17
71.84425474,-1.43457488,B,-1.03,261.0
98.01789029,15.47552774,G,-1.8,80.2
25.24017371,-27.04006516,A,1.56,16.17
43.08870124,-19.21581938,M,-1.2799270072992703,0.021972455607761267
21.50044669,-28.30769237,G,-1.42,51.53
326.90787722,-33.00006213,F,3.08,1.52
31.09678793,-24.80974097,G,1.5541858141858127,42.61
33.03944064,-23.99560256,K,-0.6808563273073253,0.22362696511302643
67.13630909,-4.63356519,F,1.7449286314021815,2.6843617841590257
21.30582449,-28.3880558,F,1.03,11.12
18.86313625,-29.14334942,K,-0.6808563273073253,0.22362696511302643
78.09863916,2.78066751,O,-1.0,80976.42962657007
342.78105229,-34.19360829,F,2.19,3.66
14.36616233,-30.39480079,K,-0.6808563273073253,0.22362696511302643
38.76000337,-21.42511206,F,2.98,1.75
104.08480408,18.80606286,A,1.12,13.21
350.50786385,-34.0367485,K,-0.84,26.83
359.26198037,-33.26038638,F,1.7449286314021815,2.6843617841590257
85.03770402,7.39931763,B,-0.1975961538461539,24693.029699168907
77.60360453,2.42259317,A,0.9189775051124738,13.275911018388857
328.18165844,-33.18824896,K,-0.6808563273073253,0.22362696511302643
68.56653077,-3.71018367,M,3.53,0.5
64.64759324,-6.33315923,F,1.7449286314021815,2.6843617841590257
93.37819604,12.68905718,A,0.9189775051124738,13.275911018388857
37.24905219,-22.16003095,A,0.9189775051124738,13.275911018388857
65.49178164,-5.77487028,K,-1.03,35.85
59.44066611,-9.72943115,K,1.51,14.91
77.41213551,2.28260807,B,-0.1975961538461539,24693.029699168907
87.42960712,8.93813054,G,1.5541858141858127,1.4605227901814972
65.61323674,-5.70616548,B,-0.1975961538461539,24693.029699168907
344.06933407,-34.22575886,K,-0.6808563273073253,0.22362696511302643
347.78725726,-34.17303129,B,1.89,24.72
333.22667952,-33.75036819,A,1.2,16.86
46.60622034,-17.42452444,G,-2.08,60.37
65.59746962,-5.73644015,B,-0.1975961538461539,24693.029699168907
51.94776806,-14.38324077,K,-0.6808563273073253,0.22362696511302643
70.99747027,-2.11228526,K,0.74,23.63
359.97678638,-33.21261175,K,-0.6808563273073253,0.22362696511302643
90.44781931,10.84147226,A,0.9189775051124738,34.29
69.55550919,-3.09378614,A,0.9189775051124738,13.275911018388857
69.93402819,-2.84264919,B,-0.1975961538461539,24693.029699168907
2.302647,-32.89481945,K,-0.6808563273073253,0.22362696511302643
98.72650987,15.8273273,K,-4.45,0.22362696511302643
85.65441393,7.75257114,F,1.69,5.71
321.6683395,-32.17851743,K,-3.19,211.31
74.43082362,0.20909834,B,-0.1975961538461539,24693.029699168907
321.01978249,-32.05689993,F,1.5,5.41
324.50716506,-32.67451823,G,1.5541858141858127,1.4605227901814972
24.21017718,-27.51932389,F,1.7449286314021815,2.6843617841590257
75.04896911,0.62563911,A,1.51,20.49
321.8648602,-32.21889098,K,-1.98,88.43
60.0735856,-9.39991356,F,1.7449286314021815,2.6843617841590257
71.87716502,-1.54741351,K,-0.6808563273073253,0.22362696511302643
77.21394744,2.07909931,K,-0.6808563273073253,0.22362696511302643
57.89410042,-10.80414463,A,0.9189775051124738,13.275911018388857
58.66235068,-10.32316272,K,-0.6808563273073253,0.22362696511302643
330.00900848,-33.44965876,G,1.7,3.45
62.1914734,-8.05209259,K,1.52,10.82
3.29135134,-32.77634958,M,-1.2799270072992703,0.021972455607761267
67.24079968,-4.70799022,G,1.5541858141858127,1.4605227901814972
43.85979191,-18.98625646,A,1.73,10.75
73.40181317,-0.53899669,F,-4.98,2322.49
357.95344654,-33.50508021,F,1.63,5.55
77.73850472,2.41114286,B,-0.1975961538461539,24693.029699168907
85.46403351,7.58409845,B,-0.1975961538461539,24693.029699168907
347.28284384,-34.24737275,F,2.42,3.53
71.97820699,-1.52685983,A,0.9189775051124738,13.275911018388857
334.72338189,-33.92128863,A,1.4,24.04
25.73888273,-27.05005996,F,1.77,5.35
60.94008358,-8.90770883,F,1.7449286314021815,2.6843617841590257
82.99582381,5.93479287,K,-1.87,70.26
350.80714625,-34.11605695,F,1.95,4.78
42.67340506,-19.64432677,M,4.66,0.08
7.02441581,-32.16015662,K,-0.6808563273073253,0.22362696511302643
74.53924411,0.20309477,O,-1.0,80976.42962657007
15.84449428,-30.15338479,K,-0.6808563273073253,0.22362696511302643
345.93838495,-34.28537428,M,-1.2799270072992703,0.021972455607761267
33.82944801,-23.85765964,A,1.74,9.63
63.41164385,-7.30779991,F,1.7449286314021815,2.6843617841590257
86.65500115,8.33733037,K,-0.6808563273073253,0.22362696511302643
70.16176109,-2.78677653,B,-0.1975961538461539,24693.029699168907
82.81871625,5.80007378,B,-0.1975961538461539,24693.029699168907
342.97395222,-34.29699226,F,2.25,3.84
82.48905037,5.57729053,K,-0.6808563273073253,0.22362696511302643
66.80336023,-5.0615079,M,-4.92,0.021972455607761267
76.14969557,1.2833242,O,-1.0,80976.42962657007
61.96416109,-8.27498449,A,0.7,58.98
19.3365945,-29.1947868,K,-1.51,45.25
90.61381365,10.86204232,F,1.08,11.77
95.00115543,13.57272399,B,-0.1975961538461539,24693.029699168907
351.86633439,-34.08526447,M,-5.37,0.021972455607761267
355.69074023,-33.79094111,K,-1.7,62.01
37.01959202,-22.46380229,K,-0.6808563273073253,30.85
27.82754103,-26.33536604,M,-1.2799270072992703,0.021972455607761267
76.75927308,1.67585361,K,-0.6808563273073253,0.22362696511302643
43.86371633,-19.08263511,M,-1.2799270072992703,0.021972455607761267
334.72486054,-33.95153382,G,1.5541858141858127,1.4605227901814972
13.78260544,-30.73449119,K,-0.6808563273073253,0.22362696511302643
45.37490479,-18.29064467,F,1.74,8.35
61.35369663,-8.71440906,B,-0.1975961538461539,24693.029699168907
46.27117692,-17.8079434,K,-0.6808563273073253,0.22362696511302643
87.58633445,8.90271305,K,1.71,11.2
81.63510422,4.96331434,G,-1.79,60.12
29.43929662,-25.73707346,K,-0.6808563273073253,0.22362696511302643
333.13242515,-33.82423051,K,-1.69,66.65
0.80415201,-33.23029924,G,2.58,2.1
318.57038662,-31.59994747,K,-0.6808563273073253,0.22362696511302643
32.95561873,-24.3101149,A,0.95,23.76
358.36343049,-33.54263206,K,-0.6808563273073253,0.22362696511302643
325.77824176,-32.93018037,B,-0.1975961538461539,24693.029699168907
66.10104074,-5.60476228,F,1.81,5.86
76.08290976,1.17116062,K,-1.02,32.36
77.00174747,1.79828529,O,-1.0,80976.42962657007
56.1812573,-12.04461484,G,-1.42,56.89
345.06987885,-34.35122809,F,1.7449286314021815,2.6843617841590257
68.92747868,-3.71649653,B,-2.56,106.34
351.59043793,-34.14274898,F,1.7449286314021815,2.6843617841590257
341.43478416,-34.31937884,K,-0.6808563273073253,0.22362696511302643
86.67418438,8.27839459,K,-0.6808563273073253,0.22362696511302643
21.26588088,-28.67149498,K,-0.6808563273073253,0.22362696511302643
16.88063794,-29.9781502,G,3.66,0.88
343.60560703,-34.36054791,G,1.5541858141858127,1.4605227901814972
352.02951078,-34.13630742,F,2.53,2.97
357.12148698,-33.71596088,F,1.7449286314021815,2.6843617841590257
12.38556911,-31.14334366,K,-0.6808563273073253,0.22362696511302643
318.04954079,-31.50150189,A,0.9189775051124738,13.275911018388857
39.83097796,-21.23103099,F,1.95,5.47
345.49179559,-34.37200314,K,-0.6808563273073253,0.22362696511302643
95.61516071,13.88310614,A,1.5,17.36
78.77496542,2.95955879,B,0.02,92.17
56.19615115,-12.09266779,B,-1.16,46.22
78.36026147,2.67332248,O,-1.0,80976.42962657007
47.47306033,-17.24732179,M,-1.2799270072992703,0.021972455607761267
24.48050334,-27.65845098,K,-0.6808563273073253,1749.92
13.04929622,-31.00206127,B,0.8,85.11
80.11294335,3.85395064,A,0.9189775051124738,13.275911018388857
74.60983466,0.09886265,A,0.9189775051124738,13.275911018388857
85.80001874,7.66090289,F,1.72,6.76
64.68363155,-6.63647979,B,-0.1975961538461539,24693.029699168907
22.5447715,-28.31841473,A,0.89,15.82
30.98912891,-25.22352829,F,1.85,6.38
81.95677758,5.09207049,K,-0.89,30.59
54.27205629,-13.30422188,K,-0.6808563273073253,0.22362696511302643
10.04030675,-31.69953589,K,-0.6808563273073253,0.22362696511302643
63.54363686,-7.40269587,A,1.93,9.75
346.47467258,-34.38089863,F,2.41,3.16
55.21583948,-12.73763026,M,-4.6,0.021972455607761267
355.43051392,-33.91518449,G,1.5541858141858127,1.4605227901814972
48.71032624,-16.5903208,F,2.25,4.69
71.07813932,-2.34299966,A,0.77,17.89
57.23035835,-11.49598712,F,1.7449286314021815,2.6843617841590257
76.5979942,1.42868198,O,-1.0,80976.42962657007
23.6579902,-27.97950698,K,-0.6808563273073253,0.22362696511302643
80.54191877,4.10869547,F,2.22,3.81
91.63514686,11.39649597,A,1.35,27.97
62.63974775,-8.03849638,K,-0.6808563273073253,0.22362696511302643
96.483297,14.36397355,B,0.39,81.03
55.05484477,-12.87490668,G,0.41,9.92
353.42185231,-34.09841532,K,4.52,0.15
10.68484478,-31.59727787,F,2.04,5.63
326.26107212,-33.05117113,G,3.12,1.21
55.05224073,-12.88213028,G,1.5541858141858127,1.4605227901814972
76.2829869,1.18811033,B,-0.1975961538461539,24693.029699168907
45.2390536,-18.54984564,G,1.5541858141858127,1.4605227901814972
0.32556867,-33.40815755,G,1.5541858141858127,1.4605227901814972
84.22358704,6.56018694,G,-1.6,66.09
26.21896798,-27.12746307,K,-0.6808563273073253,0.22362696511302643
42.40185237,-20.05593464,K,-1.64,73.15
17.95297335,-29.80023194,G,2.74,1.98
30.3685976,-25.55895342,K,-0.6808563273073253,0.22362696511302643
35.35148301,-23.45100686,G,3.74,0.71
2.35032695,-33.15104348,G,1.5541858141858127,1.4605227901814972
42.57104428,-19.98922253,A,1.04,24.41
1.15172109,-33.32498775,G,3.61,0.9
75.30808233,0.48180291,B,-0.38,129.39
76.30790133,1.16384256,B,-0.1975961538461539,24693.029699168907
82.11832893,5.11990619,F,1.7449286314021815,11.71
69.19651824,-3.70616431,B,-0.69,544.71
61.44817074,-8.88782178,G,1.6,5.17
28.78584398,-26.20964044,F,2.57,2.64
41.32518749,-20.64662688,A,1.25,24.55
42.82632169,-19.88298177,K,-0.6808563273073253,0.22362696511302643
23.69146974,-28.05676412,G,1.5541858141858127,1.4605227901814972
79.00878299,2.99170481,B,-0.1975961538461539,24693.029699168907
83.35497894,5.92997965,B,-1.11,440.71
71.47432705,-2.18358752,G,2.92,1.63
85.53344357,7.37697229,A,0.9189775051124738,13.275911018388857
9.69432042,-31.88465579,A,0.77,21.32
77.38793526,1.8660434,B,-0.1975961538461539,24693.029699168907
87.33218761,8.56074572,B,-0.1975961538461539,24693.029699168907
55.5714914,-12.6665337,A,0.72,22.4
21.34356682,-28.85284707,G,1.5541858141858127,1.4605227901814972
72.70698722,-1.36499968,K,-0.6808563273073253,0.22362696511302643
64.15865761,-7.16028135,G,1.5541858141858127,0.96
347.10590449,-34.46423297,G,1.5541858141858127,1.4605227901814972
102.42558831,17.72017624,M,-6.64,558.75
53.78495045,-13.8059462,K,-0.6808563273073253,0.22362696511302643
15.10387393,-30.67409128,G,1.5541858141858127,1.4605227901814972
48.38590258,-16.97581837,A,0.9189775051124738,13.275911018388857
44.15855103,-19.28760757,F,1.44,8.33
7.44647746,-32.39061479,F,1.31,7.8
13.66180548,-31.04693253,K,-0.6808563273073253,0.22362696511302643
77.23047248,1.6942108,A,0.9189775051124738,92.09
57.32541562,-11.6453329,F,0.91,11.91
357.9294643,-33.80931068,G,1.5541858141858127,1.4605227901814972
87.91051504,8.87630489,K,4.06,0.24
33.51949421,-24.40487436,A,0.9189775051124738,13.275911018388857
9.32354314,-32.04168426,G,1.5541858141858127,1.4605227901814972
56.49905109,-12.18802702,G,-1.89,109.33
67.89741184,-4.72699934,G,2.34,2.65
59.26349618,-10.44292273,K,-3.8,319.68
69.37789643,-3.72532235,G,1.5541858141858127,1.4605227901814972
357.66795867,-33.85570321,K,-0.6808563273073253,0.22362696511302643
49.00303881,-16.68472021,G,3.69,0.7
318.65311686,-31.703287,G,3.77,0.61
50.42046455,-15.87636567,K,-2.5,109.9
53.24450997,-14.20968696,A,1.45,14.25
37.46824732,-22.6708459,K,-4.02,234.85
116.81736266,24.72445648,K,4.15,0.28
47.15804999,-17.72903523,A,0.9189775051124738,13.275911018388857
13.60817489,-31.10461285,A,0.9189775051124738,13.275911018388857
80.9302699,4.1770997,O,-1.0,80976.42962657007
13.60271544,-31.11095885,A,0.9189775051124738,35.54
78.87195133,2.76991546,B,-0.1975961538461539,24693.029699168907
24.02684467,-28.08687433,K,-2.65,118.13
49.69142268,-16.31463535,K,5.2,0.08
11.56874472,-31.59233304,K,-0.6808563273073253,0.22362696511302643
1.17294931,-33.45922073,G,1.5541858141858127,1.4605227901814972
72.6569506,-1.51327231,F,1.45,8.99
89.08156974,9.60441799,K,-0.6808563273073253,3061.43
71.17770238,-2.53037611,B,-0.1975961538461539,24693.029699168907
41.28476517,-20.84775801,F,1.7449286314021815,2.6843617841590257
352.49357373,-34.31719025,K,2.67,1.27
8.92816976,-32.16372328,G,1.5541858141858127,1.4605227901814972
342.98889447,-34.54163342,M,-5.07,0.021972455607761267
115.6734415,24.23131551,A,1.63,14.74
334.37162645,-34.11087003,F,1.7449286314021815,2.6843617841590257
314.71349772,-30.77799224,F,2.31,3.41
338.52927096,-34.40500331,A,1.83,10.92
53.22263093,-14.28333805,A,0.9189775051124738,13.275911018388857
73.85533895,-0.72404566,B,-0.42,219.47
80.34744069,3.73852087,B,-0.1975961538461539,24693.029699168907
57.78396537,-11.47000212,F,1.93,5.54
31.17003039,-25.47813413,B,0.36,86.56
17.01425032,-30.28035686,K,-1.59,48.72
38.29920713,-22.35349897,K,-0.6808563273073253,0.22362696511302643
63.09997584,-8.03994104,B,-0.1975961538461539,24693.029699168907
100.48327695,16.56286348,B,-0.1975961538461539,24693.029699168907
16.02113203,-30.5531978,G,2.17,2.69
67.67631256,-4.97129999,A,1.61,12.9
352.72699336,-34.33241037,F,1.7449286314021815,2.6843617841590257
329.24330628,-33.57285031,A,0.9189775051124738,13.275911018388857
79.89490635,3.41559586,A,1.37,29.19
44.82072628,-19.07855699,B,-0.1975961538461539,24693.029699168907
115.20209634,24.01972972,F,2.09,4.3
18.50550754,-29.88061009,K,-0.6808563273073253,0.22362696511302643
75.35795126,0.28507097,K,-0.6808563273073253,0.22362696511302643
15.70441741,-30.65094215,F,1.7449286314021815,2.6843617841590257
29.12095004,-26.31912459,B,0.94,40.54
36.16658914,-23.36625881,G,1.5541858141858127,1.4605227901814972
7.25451149,-32.54437089,F,1.7449286314021815,2.6843617841590257
76.34638239,0.95556128,B,0.48,96.0
58.57053948,-11.0161608,F,1.7449286314021815,2.6843617841590257
353.44760926,-34.30487838,G,3.7,0.75
356.83920118,-34.02339209,G,1.5541858141858127,1.4605227901814972
6.2162662,-32.74608124,K,-1.73,57.14
338.15633827,-34.41778675,A,1.48,23.37
25.63824377,-27.63597338,G,2.06,4.45
3.83223317,-33.1494666,F,1.44,7.83
354.50847604,-34.23971797,G,2.04,4.55
27.02571114,-27.14440368,K,-0.78,30.4
11.41047116,-31.72668563,G,1.5541858141858127,1.4605227901814972
43.65281597,-19.76125321,F,1.7449286314021815,2.6843617841590257
81.60491317,4.52856808,K,3.38,0.69
28.48242031,-26.61958837,K,-0.38,17.5
67.4226175,-5.22010404,K,-0.6808563273073253,0.22362696511302643
56.62101301,-12.29840627,K,-0.6808563273073253,0.22362696511302643
29.1496455,-26.37000387,K,-4.29,663.0
